---------------------------------------------------------------
 67
 17
 61
 69
 49
 60
 36
 50
 46
 24
 53
 96
 55
 70
 97
 27
 77
 98
 78
 92
 48
 65
 58
 47
 84
 42
 37
 18
 51
 85
 59
 21
 44
 40
100
 75
 76
 89
 39
 16
 95
 45
  6
 11
 23
 64
 14
 94
 73
 12
 54
 86
 41
 28
  5
 62
 90
 19
 34
 35
  8
  7
 80
 38
  3
 91
 30
 33
 31
 82
 25
  2
 26
 32
 22
 74
 56
 87
 15
 83
  1
 93
 20
 13
 52
 43
 81
 29
  9
 72
 88
 63
  4
 71
 57
 68
 79
 10
 99
 66
___ ___
  a   b
ra
---------------------------------------------------------------
 17
 61
 69
 49
 60
 36
 50
 46
 24
 53
 96
 55
 70
 97
 27
 77
 98
 78
 92
 48
 65
 58
 47
 84
 42
 37
 18
 51
 85
 59
 21
 44
 40
100
 75
 76
 89
 39
 16
 95
 45
  6
 11
 23
 64
 14
 94
 73
 12
 54
 86
 41
 28
  5
 62
 90
 19
 34
 35
  8
  7
 80
 38
  3
 91
 30
 33
 31
 82
 25
  2
 26
 32
 22
 74
 56
 87
 15
 83
  1
 93
 20
 13
 52
 43
 81
 29
  9
 72
 88
 63
  4
 71
 57
 68
 79
 10
 99
 66
 67
___ ___
  a   b
pb
---------------------------------------------------------------
 61  17
 69
 49
 60
 36
 50
 46
 24
 53
 96
 55
 70
 97
 27
 77
 98
 78
 92
 48
 65
 58
 47
 84
 42
 37
 18
 51
 85
 59
 21
 44
 40
100
 75
 76
 89
 39
 16
 95
 45
  6
 11
 23
 64
 14
 94
 73
 12
 54
 86
 41
 28
  5
 62
 90
 19
 34
 35
  8
  7
 80
 38
  3
 91
 30
 33
 31
 82
 25
  2
 26
 32
 22
 74
 56
 87
 15
 83
  1
 93
 20
 13
 52
 43
 81
 29
  9
 72
 88
 63
  4
 71
 57
 68
 79
 10
 99
 66
 67
___ ___
  a   b
ra
---------------------------------------------------------------
 69  17
 49
 60
 36
 50
 46
 24
 53
 96
 55
 70
 97
 27
 77
 98
 78
 92
 48
 65
 58
 47
 84
 42
 37
 18
 51
 85
 59
 21
 44
 40
100
 75
 76
 89
 39
 16
 95
 45
  6
 11
 23
 64
 14
 94
 73
 12
 54
 86
 41
 28
  5
 62
 90
 19
 34
 35
  8
  7
 80
 38
  3
 91
 30
 33
 31
 82
 25
  2
 26
 32
 22
 74
 56
 87
 15
 83
  1
 93
 20
 13
 52
 43
 81
 29
  9
 72
 88
 63
  4
 71
 57
 68
 79
 10
 99
 66
 67
 61
___ ___
  a   b
pb
---------------------------------------------------------------
 49  69
 60  17
 36
 50
 46
 24
 53
 96
 55
 70
 97
 27
 77
 98
 78
 92
 48
 65
 58
 47
 84
 42
 37
 18
 51
 85
 59
 21
 44
 40
100
 75
 76
 89
 39
 16
 95
 45
  6
 11
 23
 64
 14
 94
 73
 12
 54
 86
 41
 28
  5
 62
 90
 19
 34
 35
  8
  7
 80
 38
  3
 91
 30
 33
 31
 82
 25
  2
 26
 32
 22
 74
 56
 87
 15
 83
  1
 93
 20
 13
 52
 43
 81
 29
  9
 72
 88
 63
  4
 71
 57
 68
 79
 10
 99
 66
 67
 61
___ ___
  a   b
ra
---------------------------------------------------------------
 60  69
 36  17
 50
 46
 24
 53
 96
 55
 70
 97
 27
 77
 98
 78
 92
 48
 65
 58
 47
 84
 42
 37
 18
 51
 85
 59
 21
 44
 40
100
 75
 76
 89
 39
 16
 95
 45
  6
 11
 23
 64
 14
 94
 73
 12
 54
 86
 41
 28
  5
 62
 90
 19
 34
 35
  8
  7
 80
 38
  3
 91
 30
 33
 31
 82
 25
  2
 26
 32
 22
 74
 56
 87
 15
 83
  1
 93
 20
 13
 52
 43
 81
 29
  9
 72
 88
 63
  4
 71
 57
 68
 79
 10
 99
 66
 67
 61
 49
___ ___
  a   b
sa
---------------------------------------------------------------
 36  69
 60  17
 50
 46
 24
 53
 96
 55
 70
 97
 27
 77
 98
 78
 92
 48
 65
 58
 47
 84
 42
 37
 18
 51
 85
 59
 21
 44
 40
100
 75
 76
 89
 39
 16
 95
 45
  6
 11
 23
 64
 14
 94
 73
 12
 54
 86
 41
 28
  5
 62
 90
 19
 34
 35
  8
  7
 80
 38
  3
 91
 30
 33
 31
 82
 25
  2
 26
 32
 22
 74
 56
 87
 15
 83
  1
 93
 20
 13
 52
 43
 81
 29
  9
 72
 88
 63
  4
 71
 57
 68
 79
 10
 99
 66
 67
 61
 49
___ ___
  a   b
ra
---------------------------------------------------------------
 60  69
 50  17
 46
 24
 53
 96
 55
 70
 97
 27
 77
 98
 78
 92
 48
 65
 58
 47
 84
 42
 37
 18
 51
 85
 59
 21
 44
 40
100
 75
 76
 89
 39
 16
 95
 45
  6
 11
 23
 64
 14
 94
 73
 12
 54
 86
 41
 28
  5
 62
 90
 19
 34
 35
  8
  7
 80
 38
  3
 91
 30
 33
 31
 82
 25
  2
 26
 32
 22
 74
 56
 87
 15
 83
  1
 93
 20
 13
 52
 43
 81
 29
  9
 72
 88
 63
  4
 71
 57
 68
 79
 10
 99
 66
 67
 61
 49
 36
___ ___
  a   b
sa
---------------------------------------------------------------
 50  69
 60  17
 46
 24
 53
 96
 55
 70
 97
 27
 77
 98
 78
 92
 48
 65
 58
 47
 84
 42
 37
 18
 51
 85
 59
 21
 44
 40
100
 75
 76
 89
 39
 16
 95
 45
  6
 11
 23
 64
 14
 94
 73
 12
 54
 86
 41
 28
  5
 62
 90
 19
 34
 35
  8
  7
 80
 38
  3
 91
 30
 33
 31
 82
 25
  2
 26
 32
 22
 74
 56
 87
 15
 83
  1
 93
 20
 13
 52
 43
 81
 29
  9
 72
 88
 63
  4
 71
 57
 68
 79
 10
 99
 66
 67
 61
 49
 36
___ ___
  a   b
ra
---------------------------------------------------------------
 60  69
 46  17
 24
 53
 96
 55
 70
 97
 27
 77
 98
 78
 92
 48
 65
 58
 47
 84
 42
 37
 18
 51
 85
 59
 21
 44
 40
100
 75
 76
 89
 39
 16
 95
 45
  6
 11
 23
 64
 14
 94
 73
 12
 54
 86
 41
 28
  5
 62
 90
 19
 34
 35
  8
  7
 80
 38
  3
 91
 30
 33
 31
 82
 25
  2
 26
 32
 22
 74
 56
 87
 15
 83
  1
 93
 20
 13
 52
 43
 81
 29
  9
 72
 88
 63
  4
 71
 57
 68
 79
 10
 99
 66
 67
 61
 49
 36
 50
___ ___
  a   b
sa
---------------------------------------------------------------
 46  69
 60  17
 24
 53
 96
 55
 70
 97
 27
 77
 98
 78
 92
 48
 65
 58
 47
 84
 42
 37
 18
 51
 85
 59
 21
 44
 40
100
 75
 76
 89
 39
 16
 95
 45
  6
 11
 23
 64
 14
 94
 73
 12
 54
 86
 41
 28
  5
 62
 90
 19
 34
 35
  8
  7
 80
 38
  3
 91
 30
 33
 31
 82
 25
  2
 26
 32
 22
 74
 56
 87
 15
 83
  1
 93
 20
 13
 52
 43
 81
 29
  9
 72
 88
 63
  4
 71
 57
 68
 79
 10
 99
 66
 67
 61
 49
 36
 50
___ ___
  a   b
ra
---------------------------------------------------------------
 60  69
 24  17
 53
 96
 55
 70
 97
 27
 77
 98
 78
 92
 48
 65
 58
 47
 84
 42
 37
 18
 51
 85
 59
 21
 44
 40
100
 75
 76
 89
 39
 16
 95
 45
  6
 11
 23
 64
 14
 94
 73
 12
 54
 86
 41
 28
  5
 62
 90
 19
 34
 35
  8
  7
 80
 38
  3
 91
 30
 33
 31
 82
 25
  2
 26
 32
 22
 74
 56
 87
 15
 83
  1
 93
 20
 13
 52
 43
 81
 29
  9
 72
 88
 63
  4
 71
 57
 68
 79
 10
 99
 66
 67
 61
 49
 36
 50
 46
___ ___
  a   b
ra
---------------------------------------------------------------
 24  69
 53  17
 96
 55
 70
 97
 27
 77
 98
 78
 92
 48
 65
 58
 47
 84
 42
 37
 18
 51
 85
 59
 21
 44
 40
100
 75
 76
 89
 39
 16
 95
 45
  6
 11
 23
 64
 14
 94
 73
 12
 54
 86
 41
 28
  5
 62
 90
 19
 34
 35
  8
  7
 80
 38
  3
 91
 30
 33
 31
 82
 25
  2
 26
 32
 22
 74
 56
 87
 15
 83
  1
 93
 20
 13
 52
 43
 81
 29
  9
 72
 88
 63
  4
 71
 57
 68
 79
 10
 99
 66
 67
 61
 49
 36
 50
 46
 60
___ ___
  a   b
pb
---------------------------------------------------------------
 53  24
 96  69
 55  17
 70
 97
 27
 77
 98
 78
 92
 48
 65
 58
 47
 84
 42
 37
 18
 51
 85
 59
 21
 44
 40
100
 75
 76
 89
 39
 16
 95
 45
  6
 11
 23
 64
 14
 94
 73
 12
 54
 86
 41
 28
  5
 62
 90
 19
 34
 35
  8
  7
 80
 38
  3
 91
 30
 33
 31
 82
 25
  2
 26
 32
 22
 74
 56
 87
 15
 83
  1
 93
 20
 13
 52
 43
 81
 29
  9
 72
 88
 63
  4
 71
 57
 68
 79
 10
 99
 66
 67
 61
 49
 36
 50
 46
 60
___ ___
  a   b
sb
sb
---------------------------------------------------------------
 53  69
 96  24
 55  17
 70
 97
 27
 77
 98
 78
 92
 48
 65
 58
 47
 84
 42
 37
 18
 51
 85
 59
 21
 44
 40
100
 75
 76
 89
 39
 16
 95
 45
  6
 11
 23
 64
 14
 94
 73
 12
 54
 86
 41
 28
  5
 62
 90
 19
 34
 35
  8
  7
 80
 38
  3
 91
 30
 33
 31
 82
 25
  2
 26
 32
 22
 74
 56
 87
 15
 83
  1
 93
 20
 13
 52
 43
 81
 29
  9
 72
 88
 63
  4
 71
 57
 68
 79
 10
 99
 66
 67
 61
 49
 36
 50
 46
 60
___ ___
  a   b
ra
---------------------------------------------------------------
 96  69
 55  24
 70  17
 97
 27
 77
 98
 78
 92
 48
 65
 58
 47
 84
 42
 37
 18
 51
 85
 59
 21
 44
 40
100
 75
 76
 89
 39
 16
 95
 45
  6
 11
 23
 64
 14
 94
 73
 12
 54
 86
 41
 28
  5
 62
 90
 19
 34
 35
  8
  7
 80
 38
  3
 91
 30
 33
 31
 82
 25
  2
 26
 32
 22
 74
 56
 87
 15
 83
  1
 93
 20
 13
 52
 43
 81
 29
  9
 72
 88
 63
  4
 71
 57
 68
 79
 10
 99
 66
 67
 61
 49
 36
 50
 46
 60
 53
___ ___
  a   b
pb
---------------------------------------------------------------
 55  96
 70  69
 97  24
 27  17
 77
 98
 78
 92
 48
 65
 58
 47
 84
 42
 37
 18
 51
 85
 59
 21
 44
 40
100
 75
 76
 89
 39
 16
 95
 45
  6
 11
 23
 64
 14
 94
 73
 12
 54
 86
 41
 28
  5
 62
 90
 19
 34
 35
  8
  7
 80
 38
  3
 91
 30
 33
 31
 82
 25
  2
 26
 32
 22
 74
 56
 87
 15
 83
  1
 93
 20
 13
 52
 43
 81
 29
  9
 72
 88
 63
  4
 71
 57
 68
 79
 10
 99
 66
 67
 61
 49
 36
 50
 46
 60
 53
___ ___
  a   b
ra
---------------------------------------------------------------
 70  96
 97  69
 27  24
 77  17
 98
 78
 92
 48
 65
 58
 47
 84
 42
 37
 18
 51
 85
 59
 21
 44
 40
100
 75
 76
 89
 39
 16
 95
 45
  6
 11
 23
 64
 14
 94
 73
 12
 54
 86
 41
 28
  5
 62
 90
 19
 34
 35
  8
  7
 80
 38
  3
 91
 30
 33
 31
 82
 25
  2
 26
 32
 22
 74
 56
 87
 15
 83
  1
 93
 20
 13
 52
 43
 81
 29
  9
 72
 88
 63
  4
 71
 57
 68
 79
 10
 99
 66
 67
 61
 49
 36
 50
 46
 60
 53
 55
___ ___
  a   b
pb
---------------------------------------------------------------
 97  70
 27  96
 77  69
 98  24
 78  17
 92
 48
 65
 58
 47
 84
 42
 37
 18
 51
 85
 59
 21
 44
 40
100
 75
 76
 89
 39
 16
 95
 45
  6
 11
 23
 64
 14
 94
 73
 12
 54
 86
 41
 28
  5
 62
 90
 19
 34
 35
  8
  7
 80
 38
  3
 91
 30
 33
 31
 82
 25
  2
 26
 32
 22
 74
 56
 87
 15
 83
  1
 93
 20
 13
 52
 43
 81
 29
  9
 72
 88
 63
  4
 71
 57
 68
 79
 10
 99
 66
 67
 61
 49
 36
 50
 46
 60
 53
 55
___ ___
  a   b
sb
sb
---------------------------------------------------------------
 97  96
 27  70
 77  69
 98  24
 78  17
 92
 48
 65
 58
 47
 84
 42
 37
 18
 51
 85
 59
 21
 44
 40
100
 75
 76
 89
 39
 16
 95
 45
  6
 11
 23
 64
 14
 94
 73
 12
 54
 86
 41
 28
  5
 62
 90
 19
 34
 35
  8
  7
 80
 38
  3
 91
 30
 33
 31
 82
 25
  2
 26
 32
 22
 74
 56
 87
 15
 83
  1
 93
 20
 13
 52
 43
 81
 29
  9
 72
 88
 63
  4
 71
 57
 68
 79
 10
 99
 66
 67
 61
 49
 36
 50
 46
 60
 53
 55
___ ___
  a   b
pb
---------------------------------------------------------------
 27  97
 77  96
 98  70
 78  69
 92  24
 48  17
 65
 58
 47
 84
 42
 37
 18
 51
 85
 59
 21
 44
 40
100
 75
 76
 89
 39
 16
 95
 45
  6
 11
 23
 64
 14
 94
 73
 12
 54
 86
 41
 28
  5
 62
 90
 19
 34
 35
  8
  7
 80
 38
  3
 91
 30
 33
 31
 82
 25
  2
 26
 32
 22
 74
 56
 87
 15
 83
  1
 93
 20
 13
 52
 43
 81
 29
  9
 72
 88
 63
  4
 71
 57
 68
 79
 10
 99
 66
 67
 61
 49
 36
 50
 46
 60
 53
 55
___ ___
  a   b
pb
---------------------------------------------------------------
 77  27
 98  97
 78  96
 92  70
 48  69
 65  24
 58  17
 47
 84
 42
 37
 18
 51
 85
 59
 21
 44
 40
100
 75
 76
 89
 39
 16
 95
 45
  6
 11
 23
 64
 14
 94
 73
 12
 54
 86
 41
 28
  5
 62
 90
 19
 34
 35
  8
  7
 80
 38
  3
 91
 30
 33
 31
 82
 25
  2
 26
 32
 22
 74
 56
 87
 15
 83
  1
 93
 20
 13
 52
 43
 81
 29
  9
 72
 88
 63
  4
 71
 57
 68
 79
 10
 99
 66
 67
 61
 49
 36
 50
 46
 60
 53
 55
___ ___
  a   b
rb
---------------------------------------------------------------
 77  97
 98  96
 78  70
 92  69
 48  24
 65  17
 58  27
 47
 84
 42
 37
 18
 51
 85
 59
 21
 44
 40
100
 75
 76
 89
 39
 16
 95
 45
  6
 11
 23
 64
 14
 94
 73
 12
 54
 86
 41
 28
  5
 62
 90
 19
 34
 35
  8
  7
 80
 38
  3
 91
 30
 33
 31
 82
 25
  2
 26
 32
 22
 74
 56
 87
 15
 83
  1
 93
 20
 13
 52
 43
 81
 29
  9
 72
 88
 63
  4
 71
 57
 68
 79
 10
 99
 66
 67
 61
 49
 36
 50
 46
 60
 53
 55
___ ___
  a   b
pb
---------------------------------------------------------------
 98  77
 78  97
 92  96
 48  70
 65  69
 58  24
 47  17
 84  27
 42
 37
 18
 51
 85
 59
 21
 44
 40
100
 75
 76
 89
 39
 16
 95
 45
  6
 11
 23
 64
 14
 94
 73
 12
 54
 86
 41
 28
  5
 62
 90
 19
 34
 35
  8
  7
 80
 38
  3
 91
 30
 33
 31
 82
 25
  2
 26
 32
 22
 74
 56
 87
 15
 83
  1
 93
 20
 13
 52
 43
 81
 29
  9
 72
 88
 63
  4
 71
 57
 68
 79
 10
 99
 66
 67
 61
 49
 36
 50
 46
 60
 53
 55
___ ___
  a   b
sb
sb
---------------------------------------------------------------
 98  97
 78  77
 92  96
 48  70
 65  69
 58  24
 47  17
 84  27
 42
 37
 18
 51
 85
 59
 21
 44
 40
100
 75
 76
 89
 39
 16
 95
 45
  6
 11
 23
 64
 14
 94
 73
 12
 54
 86
 41
 28
  5
 62
 90
 19
 34
 35
  8
  7
 80
 38
  3
 91
 30
 33
 31
 82
 25
  2
 26
 32
 22
 74
 56
 87
 15
 83
  1
 93
 20
 13
 52
 43
 81
 29
  9
 72
 88
 63
  4
 71
 57
 68
 79
 10
 99
 66
 67
 61
 49
 36
 50
 46
 60
 53
 55
___ ___
  a   b
pb
---------------------------------------------------------------
 78  98
 92  97
 48  77
 65  96
 58  70
 47  69
 84  24
 42  17
 37  27
 18
 51
 85
 59
 21
 44
 40
100
 75
 76
 89
 39
 16
 95
 45
  6
 11
 23
 64
 14
 94
 73
 12
 54
 86
 41
 28
  5
 62
 90
 19
 34
 35
  8
  7
 80
 38
  3
 91
 30
 33
 31
 82
 25
  2
 26
 32
 22
 74
 56
 87
 15
 83
  1
 93
 20
 13
 52
 43
 81
 29
  9
 72
 88
 63
  4
 71
 57
 68
 79
 10
 99
 66
 67
 61
 49
 36
 50
 46
 60
 53
 55
___ ___
  a   b
pb
---------------------------------------------------------------
 92  78
 48  98
 65  97
 58  77
 47  96
 84  70
 42  69
 37  24
 18  17
 51  27
 85
 59
 21
 44
 40
100
 75
 76
 89
 39
 16
 95
 45
  6
 11
 23
 64
 14
 94
 73
 12
 54
 86
 41
 28
  5
 62
 90
 19
 34
 35
  8
  7
 80
 38
  3
 91
 30
 33
 31
 82
 25
  2
 26
 32
 22
 74
 56
 87
 15
 83
  1
 93
 20
 13
 52
 43
 81
 29
  9
 72
 88
 63
  4
 71
 57
 68
 79
 10
 99
 66
 67
 61
 49
 36
 50
 46
 60
 53
 55
___ ___
  a   b
sb
sb
---------------------------------------------------------------
 92  98
 48  78
 65  97
 58  77
 47  96
 84  70
 42  69
 37  24
 18  17
 51  27
 85
 59
 21
 44
 40
100
 75
 76
 89
 39
 16
 95
 45
  6
 11
 23
 64
 14
 94
 73
 12
 54
 86
 41
 28
  5
 62
 90
 19
 34
 35
  8
  7
 80
 38
  3
 91
 30
 33
 31
 82
 25
  2
 26
 32
 22
 74
 56
 87
 15
 83
  1
 93
 20
 13
 52
 43
 81
 29
  9
 72
 88
 63
  4
 71
 57
 68
 79
 10
 99
 66
 67
 61
 49
 36
 50
 46
 60
 53
 55
___ ___
  a   b
pb
---------------------------------------------------------------
 48  92
 65  98
 58  78
 47  97
 84  77
 42  96
 37  70
 18  69
 51  24
 85  17
 59  27
 21
 44
 40
100
 75
 76
 89
 39
 16
 95
 45
  6
 11
 23
 64
 14
 94
 73
 12
 54
 86
 41
 28
  5
 62
 90
 19
 34
 35
  8
  7
 80
 38
  3
 91
 30
 33
 31
 82
 25
  2
 26
 32
 22
 74
 56
 87
 15
 83
  1
 93
 20
 13
 52
 43
 81
 29
  9
 72
 88
 63
  4
 71
 57
 68
 79
 10
 99
 66
 67
 61
 49
 36
 50
 46
 60
 53
 55
___ ___
  a   b
sb
sb
---------------------------------------------------------------
 48  98
 65  92
 58  78
 47  97
 84  77
 42  96
 37  70
 18  69
 51  24
 85  17
 59  27
 21
 44
 40
100
 75
 76
 89
 39
 16
 95
 45
  6
 11
 23
 64
 14
 94
 73
 12
 54
 86
 41
 28
  5
 62
 90
 19
 34
 35
  8
  7
 80
 38
  3
 91
 30
 33
 31
 82
 25
  2
 26
 32
 22
 74
 56
 87
 15
 83
  1
 93
 20
 13
 52
 43
 81
 29
  9
 72
 88
 63
  4
 71
 57
 68
 79
 10
 99
 66
 67
 61
 49
 36
 50
 46
 60
 53
 55
___ ___
  a   b
ra
---------------------------------------------------------------
 65  98
 58  92
 47  78
 84  97
 42  77
 37  96
 18  70
 51  69
 85  24
 59  17
 21  27
 44
 40
100
 75
 76
 89
 39
 16
 95
 45
  6
 11
 23
 64
 14
 94
 73
 12
 54
 86
 41
 28
  5
 62
 90
 19
 34
 35
  8
  7
 80
 38
  3
 91
 30
 33
 31
 82
 25
  2
 26
 32
 22
 74
 56
 87
 15
 83
  1
 93
 20
 13
 52
 43
 81
 29
  9
 72
 88
 63
  4
 71
 57
 68
 79
 10
 99
 66
 67
 61
 49
 36
 50
 46
 60
 53
 55
 48
___ ___
  a   b
sa
---------------------------------------------------------------
 58  98
 65  92
 47  78
 84  97
 42  77
 37  96
 18  70
 51  69
 85  24
 59  17
 21  27
 44
 40
100
 75
 76
 89
 39
 16
 95
 45
  6
 11
 23
 64
 14
 94
 73
 12
 54
 86
 41
 28
  5
 62
 90
 19
 34
 35
  8
  7
 80
 38
  3
 91
 30
 33
 31
 82
 25
  2
 26
 32
 22
 74
 56
 87
 15
 83
  1
 93
 20
 13
 52
 43
 81
 29
  9
 72
 88
 63
  4
 71
 57
 68
 79
 10
 99
 66
 67
 61
 49
 36
 50
 46
 60
 53
 55
 48
___ ___
  a   b
ra
---------------------------------------------------------------
 65  98
 47  92
 84  78
 42  97
 37  77
 18  96
 51  70
 85  69
 59  24
 21  17
 44  27
 40
100
 75
 76
 89
 39
 16
 95
 45
  6
 11
 23
 64
 14
 94
 73
 12
 54
 86
 41
 28
  5
 62
 90
 19
 34
 35
  8
  7
 80
 38
  3
 91
 30
 33
 31
 82
 25
  2
 26
 32
 22
 74
 56
 87
 15
 83
  1
 93
 20
 13
 52
 43
 81
 29
  9
 72
 88
 63
  4
 71
 57
 68
 79
 10
 99
 66
 67
 61
 49
 36
 50
 46
 60
 53
 55
 48
 58
___ ___
  a   b
sa
---------------------------------------------------------------
 47  98
 65  92
 84  78
 42  97
 37  77
 18  96
 51  70
 85  69
 59  24
 21  17
 44  27
 40
100
 75
 76
 89
 39
 16
 95
 45
  6
 11
 23
 64
 14
 94
 73
 12
 54
 86
 41
 28
  5
 62
 90
 19
 34
 35
  8
  7
 80
 38
  3
 91
 30
 33
 31
 82
 25
  2
 26
 32
 22
 74
 56
 87
 15
 83
  1
 93
 20
 13
 52
 43
 81
 29
  9
 72
 88
 63
  4
 71
 57
 68
 79
 10
 99
 66
 67
 61
 49
 36
 50
 46
 60
 53
 55
 48
 58
___ ___
  a   b
ra
---------------------------------------------------------------
 65  98
 84  92
 42  78
 37  97
 18  77
 51  96
 85  70
 59  69
 21  24
 44  17
 40  27
100
 75
 76
 89
 39
 16
 95
 45
  6
 11
 23
 64
 14
 94
 73
 12
 54
 86
 41
 28
  5
 62
 90
 19
 34
 35
  8
  7
 80
 38
  3
 91
 30
 33
 31
 82
 25
  2
 26
 32
 22
 74
 56
 87
 15
 83
  1
 93
 20
 13
 52
 43
 81
 29
  9
 72
 88
 63
  4
 71
 57
 68
 79
 10
 99
 66
 67
 61
 49
 36
 50
 46
 60
 53
 55
 48
 58
 47
___ ___
  a   b
ra
---------------------------------------------------------------
 84  98
 42  92
 37  78
 18  97
 51  77
 85  96
 59  70
 21  69
 44  24
 40  17
100  27
 75
 76
 89
 39
 16
 95
 45
  6
 11
 23
 64
 14
 94
 73
 12
 54
 86
 41
 28
  5
 62
 90
 19
 34
 35
  8
  7
 80
 38
  3
 91
 30
 33
 31
 82
 25
  2
 26
 32
 22
 74
 56
 87
 15
 83
  1
 93
 20
 13
 52
 43
 81
 29
  9
 72
 88
 63
  4
 71
 57
 68
 79
 10
 99
 66
 67
 61
 49
 36
 50
 46
 60
 53
 55
 48
 58
 47
 65
___ ___
  a   b
pb
---------------------------------------------------------------
 42  84
 37  98
 18  92
 51  78
 85  97
 59  77
 21  96
 44  70
 40  69
100  24
 75  17
 76  27
 89
 39
 16
 95
 45
  6
 11
 23
 64
 14
 94
 73
 12
 54
 86
 41
 28
  5
 62
 90
 19
 34
 35
  8
  7
 80
 38
  3
 91
 30
 33
 31
 82
 25
  2
 26
 32
 22
 74
 56
 87
 15
 83
  1
 93
 20
 13
 52
 43
 81
 29
  9
 72
 88
 63
  4
 71
 57
 68
 79
 10
 99
 66
 67
 61
 49
 36
 50
 46
 60
 53
 55
 48
 58
 47
 65
___ ___
  a   b
sb
sb
---------------------------------------------------------------
 42  98
 37  84
 18  92
 51  78
 85  97
 59  77
 21  96
 44  70
 40  69
100  24
 75  17
 76  27
 89
 39
 16
 95
 45
  6
 11
 23
 64
 14
 94
 73
 12
 54
 86
 41
 28
  5
 62
 90
 19
 34
 35
  8
  7
 80
 38
  3
 91
 30
 33
 31
 82
 25
  2
 26
 32
 22
 74
 56
 87
 15
 83
  1
 93
 20
 13
 52
 43
 81
 29
  9
 72
 88
 63
  4
 71
 57
 68
 79
 10
 99
 66
 67
 61
 49
 36
 50
 46
 60
 53
 55
 48
 58
 47
 65
___ ___
  a   b
sa
---------------------------------------------------------------
 37  98
 42  84
 18  92
 51  78
 85  97
 59  77
 21  96
 44  70
 40  69
100  24
 75  17
 76  27
 89
 39
 16
 95
 45
  6
 11
 23
 64
 14
 94
 73
 12
 54
 86
 41
 28
  5
 62
 90
 19
 34
 35
  8
  7
 80
 38
  3
 91
 30
 33
 31
 82
 25
  2
 26
 32
 22
 74
 56
 87
 15
 83
  1
 93
 20
 13
 52
 43
 81
 29
  9
 72
 88
 63
  4
 71
 57
 68
 79
 10
 99
 66
 67
 61
 49
 36
 50
 46
 60
 53
 55
 48
 58
 47
 65
___ ___
  a   b
ra
---------------------------------------------------------------
 42  98
 18  84
 51  92
 85  78
 59  97
 21  77
 44  96
 40  70
100  69
 75  24
 76  17
 89  27
 39
 16
 95
 45
  6
 11
 23
 64
 14
 94
 73
 12
 54
 86
 41
 28
  5
 62
 90
 19
 34
 35
  8
  7
 80
 38
  3
 91
 30
 33
 31
 82
 25
  2
 26
 32
 22
 74
 56
 87
 15
 83
  1
 93
 20
 13
 52
 43
 81
 29
  9
 72
 88
 63
  4
 71
 57
 68
 79
 10
 99
 66
 67
 61
 49
 36
 50
 46
 60
 53
 55
 48
 58
 47
 65
 37
___ ___
  a   b
ra
---------------------------------------------------------------
 18  98
 51  84
 85  92
 59  78
 21  97
 44  77
 40  96
100  70
 75  69
 76  24
 89  17
 39  27
 16
 95
 45
  6
 11
 23
 64
 14
 94
 73
 12
 54
 86
 41
 28
  5
 62
 90
 19
 34
 35
  8
  7
 80
 38
  3
 91
 30
 33
 31
 82
 25
  2
 26
 32
 22
 74
 56
 87
 15
 83
  1
 93
 20
 13
 52
 43
 81
 29
  9
 72
 88
 63
  4
 71
 57
 68
 79
 10
 99
 66
 67
 61
 49
 36
 50
 46
 60
 53
 55
 48
 58
 47
 65
 37
 42
___ ___
  a   b
pb
---------------------------------------------------------------
 51  18
 85  98
 59  84
 21  92
 44  78
 40  97
100  77
 75  96
 76  70
 89  69
 39  24
 16  17
 95  27
 45
  6
 11
 23
 64
 14
 94
 73
 12
 54
 86
 41
 28
  5
 62
 90
 19
 34
 35
  8
  7
 80
 38
  3
 91
 30
 33
 31
 82
 25
  2
 26
 32
 22
 74
 56
 87
 15
 83
  1
 93
 20
 13
 52
 43
 81
 29
  9
 72
 88
 63
  4
 71
 57
 68
 79
 10
 99
 66
 67
 61
 49
 36
 50
 46
 60
 53
 55
 48
 58
 47
 65
 37
 42
___ ___
  a   b
ra
---------------------------------------------------------------
 85  18
 59  98
 21  84
 44  92
 40  78
100  97
 75  77
 76  96
 89  70
 39  69
 16  24
 95  17
 45  27
  6
 11
 23
 64
 14
 94
 73
 12
 54
 86
 41
 28
  5
 62
 90
 19
 34
 35
  8
  7
 80
 38
  3
 91
 30
 33
 31
 82
 25
  2
 26
 32
 22
 74
 56
 87
 15
 83
  1
 93
 20
 13
 52
 43
 81
 29
  9
 72
 88
 63
  4
 71
 57
 68
 79
 10
 99
 66
 67
 61
 49
 36
 50
 46
 60
 53
 55
 48
 58
 47
 65
 37
 42
 51
___ ___
  a   b
rb
---------------------------------------------------------------
 85  98
 59  84
 21  92
 44  78
 40  97
100  77
 75  96
 76  70
 89  69
 39  24
 16  17
 95  27
 45  18
  6
 11
 23
 64
 14
 94
 73
 12
 54
 86
 41
 28
  5
 62
 90
 19
 34
 35
  8
  7
 80
 38
  3
 91
 30
 33
 31
 82
 25
  2
 26
 32
 22
 74
 56
 87
 15
 83
  1
 93
 20
 13
 52
 43
 81
 29
  9
 72
 88
 63
  4
 71
 57
 68
 79
 10
 99
 66
 67
 61
 49
 36
 50
 46
 60
 53
 55
 48
 58
 47
 65
 37
 42
 51
___ ___
  a   b
pb
---------------------------------------------------------------
 59  85
 21  98
 44  84
 40  92
100  78
 75  97
 76  77
 89  96
 39  70
 16  69
 95  24
 45  17
  6  27
 11  18
 23
 64
 14
 94
 73
 12
 54
 86
 41
 28
  5
 62
 90
 19
 34
 35
  8
  7
 80
 38
  3
 91
 30
 33
 31
 82
 25
  2
 26
 32
 22
 74
 56
 87
 15
 83
  1
 93
 20
 13
 52
 43
 81
 29
  9
 72
 88
 63
  4
 71
 57
 68
 79
 10
 99
 66
 67
 61
 49
 36
 50
 46
 60
 53
 55
 48
 58
 47
 65
 37
 42
 51
___ ___
  a   b
sb
sb
---------------------------------------------------------------
 59  98
 21  85
 44  84
 40  92
100  78
 75  97
 76  77
 89  96
 39  70
 16  69
 95  24
 45  17
  6  27
 11  18
 23
 64
 14
 94
 73
 12
 54
 86
 41
 28
  5
 62
 90
 19
 34
 35
  8
  7
 80
 38
  3
 91
 30
 33
 31
 82
 25
  2
 26
 32
 22
 74
 56
 87
 15
 83
  1
 93
 20
 13
 52
 43
 81
 29
  9
 72
 88
 63
  4
 71
 57
 68
 79
 10
 99
 66
 67
 61
 49
 36
 50
 46
 60
 53
 55
 48
 58
 47
 65
 37
 42
 51
___ ___
  a   b
ra
---------------------------------------------------------------
 21  98
 44  85
 40  84
100  92
 75  78
 76  97
 89  77
 39  96
 16  70
 95  69
 45  24
  6  17
 11  27
 23  18
 64
 14
 94
 73
 12
 54
 86
 41
 28
  5
 62
 90
 19
 34
 35
  8
  7
 80
 38
  3
 91
 30
 33
 31
 82
 25
  2
 26
 32
 22
 74
 56
 87
 15
 83
  1
 93
 20
 13
 52
 43
 81
 29
  9
 72
 88
 63
  4
 71
 57
 68
 79
 10
 99
 66
 67
 61
 49
 36
 50
 46
 60
 53
 55
 48
 58
 47
 65
 37
 42
 51
 59
___ ___
  a   b
pb
---------------------------------------------------------------
 44  21
 40  98
100  85
 75  84
 76  92
 89  78
 39  97
 16  77
 95  96
 45  70
  6  69
 11  24
 23  17
 64  27
 14  18
 94
 73
 12
 54
 86
 41
 28
  5
 62
 90
 19
 34
 35
  8
  7
 80
 38
  3
 91
 30
 33
 31
 82
 25
  2
 26
 32
 22
 74
 56
 87
 15
 83
  1
 93
 20
 13
 52
 43
 81
 29
  9
 72
 88
 63
  4
 71
 57
 68
 79
 10
 99
 66
 67
 61
 49
 36
 50
 46
 60
 53
 55
 48
 58
 47
 65
 37
 42
 51
 59
___ ___
  a   b
sa
---------------------------------------------------------------
 40  21
 44  98
100  85
 75  84
 76  92
 89  78
 39  97
 16  77
 95  96
 45  70
  6  69
 11  24
 23  17
 64  27
 14  18
 94
 73
 12
 54
 86
 41
 28
  5
 62
 90
 19
 34
 35
  8
  7
 80
 38
  3
 91
 30
 33
 31
 82
 25
  2
 26
 32
 22
 74
 56
 87
 15
 83
  1
 93
 20
 13
 52
 43
 81
 29
  9
 72
 88
 63
  4
 71
 57
 68
 79
 10
 99
 66
 67
 61
 49
 36
 50
 46
 60
 53
 55
 48
 58
 47
 65
 37
 42
 51
 59
___ ___
  a   b
ra
---------------------------------------------------------------
 44  21
100  98
 75  85
 76  84
 89  92
 39  78
 16  97
 95  77
 45  96
  6  70
 11  69
 23  24
 64  17
 14  27
 94  18
 73
 12
 54
 86
 41
 28
  5
 62
 90
 19
 34
 35
  8
  7
 80
 38
  3
 91
 30
 33
 31
 82
 25
  2
 26
 32
 22
 74
 56
 87
 15
 83
  1
 93
 20
 13
 52
 43
 81
 29
  9
 72
 88
 63
  4
 71
 57
 68
 79
 10
 99
 66
 67
 61
 49
 36
 50
 46
 60
 53
 55
 48
 58
 47
 65
 37
 42
 51
 59
 40
___ ___
  a   b
ra
---------------------------------------------------------------
100  21
 75  98
 76  85
 89  84
 39  92
 16  78
 95  97
 45  77
  6  96
 11  70
 23  69
 64  24
 14  17
 94  27
 73  18
 12
 54
 86
 41
 28
  5
 62
 90
 19
 34
 35
  8
  7
 80
 38
  3
 91
 30
 33
 31
 82
 25
  2
 26
 32
 22
 74
 56
 87
 15
 83
  1
 93
 20
 13
 52
 43
 81
 29
  9
 72
 88
 63
  4
 71
 57
 68
 79
 10
 99
 66
 67
 61
 49
 36
 50
 46
 60
 53
 55
 48
 58
 47
 65
 37
 42
 51
 59
 40
 44
___ ___
  a   b
rb
---------------------------------------------------------------
100  98
 75  85
 76  84
 89  92
 39  78
 16  97
 95  77
 45  96
  6  70
 11  69
 23  24
 64  17
 14  27
 94  18
 73  21
 12
 54
 86
 41
 28
  5
 62
 90
 19
 34
 35
  8
  7
 80
 38
  3
 91
 30
 33
 31
 82
 25
  2
 26
 32
 22
 74
 56
 87
 15
 83
  1
 93
 20
 13
 52
 43
 81
 29
  9
 72
 88
 63
  4
 71
 57
 68
 79
 10
 99
 66
 67
 61
 49
 36
 50
 46
 60
 53
 55
 48
 58
 47
 65
 37
 42
 51
 59
 40
 44
___ ___
  a   b
pb
---------------------------------------------------------------
 75 100
 76  98
 89  85
 39  84
 16  92
 95  78
 45  97
  6  77
 11  96
 23  70
 64  69
 14  24
 94  17
 73  27
 12  18
 54  21
 86
 41
 28
  5
 62
 90
 19
 34
 35
  8
  7
 80
 38
  3
 91
 30
 33
 31
 82
 25
  2
 26
 32
 22
 74
 56
 87
 15
 83
  1
 93
 20
 13
 52
 43
 81
 29
  9
 72
 88
 63
  4
 71
 57
 68
 79
 10
 99
 66
 67
 61
 49
 36
 50
 46
 60
 53
 55
 48
 58
 47
 65
 37
 42
 51
 59
 40
 44
___ ___
  a   b
pb
---------------------------------------------------------------
 76  75
 89 100
 39  98
 16  85
 95  84
 45  92
  6  78
 11  97
 23  77
 64  96
 14  70
 94  69
 73  24
 12  17
 54  27
 86  18
 41  21
 28
  5
 62
 90
 19
 34
 35
  8
  7
 80
 38
  3
 91
 30
 33
 31
 82
 25
  2
 26
 32
 22
 74
 56
 87
 15
 83
  1
 93
 20
 13
 52
 43
 81
 29
  9
 72
 88
 63
  4
 71
 57
 68
 79
 10
 99
 66
 67
 61
 49
 36
 50
 46
 60
 53
 55
 48
 58
 47
 65
 37
 42
 51
 59
 40
 44
___ ___
  a   b
sb
sb
---------------------------------------------------------------
 76 100
 89  75
 39  98
 16  85
 95  84
 45  92
  6  78
 11  97
 23  77
 64  96
 14  70
 94  69
 73  24
 12  17
 54  27
 86  18
 41  21
 28
  5
 62
 90
 19
 34
 35
  8
  7
 80
 38
  3
 91
 30
 33
 31
 82
 25
  2
 26
 32
 22
 74
 56
 87
 15
 83
  1
 93
 20
 13
 52
 43
 81
 29
  9
 72
 88
 63
  4
 71
 57
 68
 79
 10
 99
 66
 67
 61
 49
 36
 50
 46
 60
 53
 55
 48
 58
 47
 65
 37
 42
 51
 59
 40
 44
___ ___
  a   b
pb
---------------------------------------------------------------
 89  76
 39 100
 16  75
 95  98
 45  85
  6  84
 11  92
 23  78
 64  97
 14  77
 94  96
 73  70
 12  69
 54  24
 86  17
 41  27
 28  18
  5  21
 62
 90
 19
 34
 35
  8
  7
 80
 38
  3
 91
 30
 33
 31
 82
 25
  2
 26
 32
 22
 74
 56
 87
 15
 83
  1
 93
 20
 13
 52
 43
 81
 29
  9
 72
 88
 63
  4
 71
 57
 68
 79
 10
 99
 66
 67
 61
 49
 36
 50
 46
 60
 53
 55
 48
 58
 47
 65
 37
 42
 51
 59
 40
 44
___ ___
  a   b
sb
sb
---------------------------------------------------------------
 89 100
 39  76
 16  75
 95  98
 45  85
  6  84
 11  92
 23  78
 64  97
 14  77
 94  96
 73  70
 12  69
 54  24
 86  17
 41  27
 28  18
  5  21
 62
 90
 19
 34
 35
  8
  7
 80
 38
  3
 91
 30
 33
 31
 82
 25
  2
 26
 32
 22
 74
 56
 87
 15
 83
  1
 93
 20
 13
 52
 43
 81
 29
  9
 72
 88
 63
  4
 71
 57
 68
 79
 10
 99
 66
 67
 61
 49
 36
 50
 46
 60
 53
 55
 48
 58
 47
 65
 37
 42
 51
 59
 40
 44
___ ___
  a   b
pb
---------------------------------------------------------------
 39  89
 16 100
 95  76
 45  75
  6  98
 11  85
 23  84
 64  92
 14  78
 94  97
 73  77
 12  96
 54  70
 86  69
 41  24
 28  17
  5  27
 62  18
 90  21
 19
 34
 35
  8
  7
 80
 38
  3
 91
 30
 33
 31
 82
 25
  2
 26
 32
 22
 74
 56
 87
 15
 83
  1
 93
 20
 13
 52
 43
 81
 29
  9
 72
 88
 63
  4
 71
 57
 68
 79
 10
 99
 66
 67
 61
 49
 36
 50
 46
 60
 53
 55
 48
 58
 47
 65
 37
 42
 51
 59
 40
 44
___ ___
  a   b
sb
sb
---------------------------------------------------------------
 39 100
 16  89
 95  76
 45  75
  6  98
 11  85
 23  84
 64  92
 14  78
 94  97
 73  77
 12  96
 54  70
 86  69
 41  24
 28  17
  5  27
 62  18
 90  21
 19
 34
 35
  8
  7
 80
 38
  3
 91
 30
 33
 31
 82
 25
  2
 26
 32
 22
 74
 56
 87
 15
 83
  1
 93
 20
 13
 52
 43
 81
 29
  9
 72
 88
 63
  4
 71
 57
 68
 79
 10
 99
 66
 67
 61
 49
 36
 50
 46
 60
 53
 55
 48
 58
 47
 65
 37
 42
 51
 59
 40
 44
___ ___
  a   b
ra
---------------------------------------------------------------
 16 100
 95  89
 45  76
  6  75
 11  98
 23  85
 64  84
 14  92
 94  78
 73  97
 12  77
 54  96
 86  70
 41  69
 28  24
  5  17
 62  27
 90  18
 19  21
 34
 35
  8
  7
 80
 38
  3
 91
 30
 33
 31
 82
 25
  2
 26
 32
 22
 74
 56
 87
 15
 83
  1
 93
 20
 13
 52
 43
 81
 29
  9
 72
 88
 63
  4
 71
 57
 68
 79
 10
 99
 66
 67
 61
 49
 36
 50
 46
 60
 53
 55
 48
 58
 47
 65
 37
 42
 51
 59
 40
 44
 39
___ ___
  a   b
pb
---------------------------------------------------------------
 95  16
 45 100
  6  89
 11  76
 23  75
 64  98
 14  85
 94  84
 73  92
 12  78
 54  97
 86  77
 41  96
 28  70
  5  69
 62  24
 90  17
 19  27
 34  18
 35  21
  8
  7
 80
 38
  3
 91
 30
 33
 31
 82
 25
  2
 26
 32
 22
 74
 56
 87
 15
 83
  1
 93
 20
 13
 52
 43
 81
 29
  9
 72
 88
 63
  4
 71
 57
 68
 79
 10
 99
 66
 67
 61
 49
 36
 50
 46
 60
 53
 55
 48
 58
 47
 65
 37
 42
 51
 59
 40
 44
 39
___ ___
  a   b
rb
---------------------------------------------------------------
 95 100
 45  89
  6  76
 11  75
 23  98
 64  85
 14  84
 94  92
 73  78
 12  97
 54  77
 86  96
 41  70
 28  69
  5  24
 62  17
 90  27
 19  18
 34  21
 35  16
  8
  7
 80
 38
  3
 91
 30
 33
 31
 82
 25
  2
 26
 32
 22
 74
 56
 87
 15
 83
  1
 93
 20
 13
 52
 43
 81
 29
  9
 72
 88
 63
  4
 71
 57
 68
 79
 10
 99
 66
 67
 61
 49
 36
 50
 46
 60
 53
 55
 48
 58
 47
 65
 37
 42
 51
 59
 40
 44
 39
___ ___
  a   b
pb
---------------------------------------------------------------
 45  95
  6 100
 11  89
 23  76
 64  75
 14  98
 94  85
 73  84
 12  92
 54  78
 86  97
 41  77
 28  96
  5  70
 62  69
 90  24
 19  17
 34  27
 35  18
  8  21
  7  16
 80
 38
  3
 91
 30
 33
 31
 82
 25
  2
 26
 32
 22
 74
 56
 87
 15
 83
  1
 93
 20
 13
 52
 43
 81
 29
  9
 72
 88
 63
  4
 71
 57
 68
 79
 10
 99
 66
 67
 61
 49
 36
 50
 46
 60
 53
 55
 48
 58
 47
 65
 37
 42
 51
 59
 40
 44
 39
___ ___
  a   b
sb
sb
---------------------------------------------------------------
 45 100
  6  95
 11  89
 23  76
 64  75
 14  98
 94  85
 73  84
 12  92
 54  78
 86  97
 41  77
 28  96
  5  70
 62  69
 90  24
 19  17
 34  27
 35  18
  8  21
  7  16
 80
 38
  3
 91
 30
 33
 31
 82
 25
  2
 26
 32
 22
 74
 56
 87
 15
 83
  1
 93
 20
 13
 52
 43
 81
 29
  9
 72
 88
 63
  4
 71
 57
 68
 79
 10
 99
 66
 67
 61
 49
 36
 50
 46
 60
 53
 55
 48
 58
 47
 65
 37
 42
 51
 59
 40
 44
 39
___ ___
  a   b
ra
---------------------------------------------------------------
  6 100
 11  95
 23  89
 64  76
 14  75
 94  98
 73  85
 12  84
 54  92
 86  78
 41  97
 28  77
  5  96
 62  70
 90  69
 19  24
 34  17
 35  27
  8  18
  7  21
 80  16
 38
  3
 91
 30
 33
 31
 82
 25
  2
 26
 32
 22
 74
 56
 87
 15
 83
  1
 93
 20
 13
 52
 43
 81
 29
  9
 72
 88
 63
  4
 71
 57
 68
 79
 10
 99
 66
 67
 61
 49
 36
 50
 46
 60
 53
 55
 48
 58
 47
 65
 37
 42
 51
 59
 40
 44
 39
 45
___ ___
  a   b
pb
---------------------------------------------------------------
 11   6
 23 100
 64  95
 14  89
 94  76
 73  75
 12  98
 54  85
 86  84
 41  92
 28  78
  5  97
 62  77
 90  96
 19  70
 34  69
 35  24
  8  17
  7  27
 80  18
 38  21
  3  16
 91
 30
 33
 31
 82
 25
  2
 26
 32
 22
 74
 56
 87
 15
 83
  1
 93
 20
 13
 52
 43
 81
 29
  9
 72
 88
 63
  4
 71
 57
 68
 79
 10
 99
 66
 67
 61
 49
 36
 50
 46
 60
 53
 55
 48
 58
 47
 65
 37
 42
 51
 59
 40
 44
 39
 45
___ ___
  a   b
pb
---------------------------------------------------------------
 23  11
 64   6
 14 100
 94  95
 73  89
 12  76
 54  75
 86  98
 41  85
 28  84
  5  92
 62  78
 90  97
 19  77
 34  96
 35  70
  8  69
  7  24
 80  17
 38  27
  3  18
 91  21
 30  16
 33
 31
 82
 25
  2
 26
 32
 22
 74
 56
 87
 15
 83
  1
 93
 20
 13
 52
 43
 81
 29
  9
 72
 88
 63
  4
 71
 57
 68
 79
 10
 99
 66
 67
 61
 49
 36
 50
 46
 60
 53
 55
 48
 58
 47
 65
 37
 42
 51
 59
 40
 44
 39
 45
___ ___
  a   b
pb
---------------------------------------------------------------
 64  23
 14  11
 94   6
 73 100
 12  95
 54  89
 86  76
 41  75
 28  98
  5  85
 62  84
 90  92
 19  78
 34  97
 35  77
  8  96
  7  70
 80  69
 38  24
  3  17
 91  27
 30  18
 33  21
 31  16
 82
 25
  2
 26
 32
 22
 74
 56
 87
 15
 83
  1
 93
 20
 13
 52
 43
 81
 29
  9
 72
 88
 63
  4
 71
 57
 68
 79
 10
 99
 66
 67
 61
 49
 36
 50
 46
 60
 53
 55
 48
 58
 47
 65
 37
 42
 51
 59
 40
 44
 39
 45
___ ___
  a   b
ra
---------------------------------------------------------------
 14  23
 94  11
 73   6
 12 100
 54  95
 86  89
 41  76
 28  75
  5  98
 62  85
 90  84
 19  92
 34  78
 35  97
  8  77
  7  96
 80  70
 38  69
  3  24
 91  17
 30  27
 33  18
 31  21
 82  16
 25
  2
 26
 32
 22
 74
 56
 87
 15
 83
  1
 93
 20
 13
 52
 43
 81
 29
  9
 72
 88
 63
  4
 71
 57
 68
 79
 10
 99
 66
 67
 61
 49
 36
 50
 46
 60
 53
 55
 48
 58
 47
 65
 37
 42
 51
 59
 40
 44
 39
 45
 64
___ ___
  a   b
pb
---------------------------------------------------------------
 94  14
 73  23
 12  11
 54   6
 86 100
 41  95
 28  89
  5  76
 62  75
 90  98
 19  85
 34  84
 35  92
  8  78
  7  97
 80  77
 38  96
  3  70
 91  69
 30  24
 33  17
 31  27
 82  18
 25  21
  2  16
 26
 32
 22
 74
 56
 87
 15
 83
  1
 93
 20
 13
 52
 43
 81
 29
  9
 72
 88
 63
  4
 71
 57
 68
 79
 10
 99
 66
 67
 61
 49
 36
 50
 46
 60
 53
 55
 48
 58
 47
 65
 37
 42
 51
 59
 40
 44
 39
 45
 64
___ ___
  a   b
sb
sb
---------------------------------------------------------------
 94  23
 73  14
 12  11
 54   6
 86 100
 41  95
 28  89
  5  76
 62  75
 90  98
 19  85
 34  84
 35  92
  8  78
  7  97
 80  77
 38  96
  3  70
 91  69
 30  24
 33  17
 31  27
 82  18
 25  21
  2  16
 26
 32
 22
 74
 56
 87
 15
 83
  1
 93
 20
 13
 52
 43
 81
 29
  9
 72
 88
 63
  4
 71
 57
 68
 79
 10
 99
 66
 67
 61
 49
 36
 50
 46
 60
 53
 55
 48
 58
 47
 65
 37
 42
 51
 59
 40
 44
 39
 45
 64
___ ___
  a   b
rb
---------------------------------------------------------------
 94  14
 73  11
 12   6
 54 100
 86  95
 41  89
 28  76
  5  75
 62  98
 90  85
 19  84
 34  92
 35  78
  8  97
  7  77
 80  96
 38  70
  3  69
 91  24
 30  17
 33  27
 31  18
 82  21
 25  16
  2  23
 26
 32
 22
 74
 56
 87
 15
 83
  1
 93
 20
 13
 52
 43
 81
 29
  9
 72
 88
 63
  4
 71
 57
 68
 79
 10
 99
 66
 67
 61
 49
 36
 50
 46
 60
 53
 55
 48
 58
 47
 65
 37
 42
 51
 59
 40
 44
 39
 45
 64
___ ___
  a   b
rb
---------------------------------------------------------------
 94  11
 73   6
 12 100
 54  95
 86  89
 41  76
 28  75
  5  98
 62  85
 90  84
 19  92
 34  78
 35  97
  8  77
  7  96
 80  70
 38  69
  3  24
 91  17
 30  27
 33  18
 31  21
 82  16
 25  23
  2  14
 26
 32
 22
 74
 56
 87
 15
 83
  1
 93
 20
 13
 52
 43
 81
 29
  9
 72
 88
 63
  4
 71
 57
 68
 79
 10
 99
 66
 67
 61
 49
 36
 50
 46
 60
 53
 55
 48
 58
 47
 65
 37
 42
 51
 59
 40
 44
 39
 45
 64
___ ___
  a   b
rb
---------------------------------------------------------------
 94   6
 73 100
 12  95
 54  89
 86  76
 41  75
 28  98
  5  85
 62  84
 90  92
 19  78
 34  97
 35  77
  8  96
  7  70
 80  69
 38  24
  3  17
 91  27
 30  18
 33  21
 31  16
 82  23
 25  14
  2  11
 26
 32
 22
 74
 56
 87
 15
 83
  1
 93
 20
 13
 52
 43
 81
 29
  9
 72
 88
 63
  4
 71
 57
 68
 79
 10
 99
 66
 67
 61
 49
 36
 50
 46
 60
 53
 55
 48
 58
 47
 65
 37
 42
 51
 59
 40
 44
 39
 45
 64
___ ___
  a   b
rb
---------------------------------------------------------------
 94 100
 73  95
 12  89
 54  76
 86  75
 41  98
 28  85
  5  84
 62  92
 90  78
 19  97
 34  77
 35  96
  8  70
  7  69
 80  24
 38  17
  3  27
 91  18
 30  21
 33  16
 31  23
 82  14
 25  11
  2   6
 26
 32
 22
 74
 56
 87
 15
 83
  1
 93
 20
 13
 52
 43
 81
 29
  9
 72
 88
 63
  4
 71
 57
 68
 79
 10
 99
 66
 67
 61
 49
 36
 50
 46
 60
 53
 55
 48
 58
 47
 65
 37
 42
 51
 59
 40
 44
 39
 45
 64
___ ___
  a   b
pb
---------------------------------------------------------------
 73  94
 12 100
 54  95
 86  89
 41  76
 28  75
  5  98
 62  85
 90  84
 19  92
 34  78
 35  97
  8  77
  7  96
 80  70
 38  69
  3  24
 91  17
 30  27
 33  18
 31  21
 82  16
 25  23
  2  14
 26  11
 32   6
 22
 74
 56
 87
 15
 83
  1
 93
 20
 13
 52
 43
 81
 29
  9
 72
 88
 63
  4
 71
 57
 68
 79
 10
 99
 66
 67
 61
 49
 36
 50
 46
 60
 53
 55
 48
 58
 47
 65
 37
 42
 51
 59
 40
 44
 39
 45
 64
___ ___
  a   b
sb
sb
---------------------------------------------------------------
 73 100
 12  94
 54  95
 86  89
 41  76
 28  75
  5  98
 62  85
 90  84
 19  92
 34  78
 35  97
  8  77
  7  96
 80  70
 38  69
  3  24
 91  17
 30  27
 33  18
 31  21
 82  16
 25  23
  2  14
 26  11
 32   6
 22
 74
 56
 87
 15
 83
  1
 93
 20
 13
 52
 43
 81
 29
  9
 72
 88
 63
  4
 71
 57
 68
 79
 10
 99
 66
 67
 61
 49
 36
 50
 46
 60
 53
 55
 48
 58
 47
 65
 37
 42
 51
 59
 40
 44
 39
 45
 64
___ ___
  a   b
pb
---------------------------------------------------------------
 12  73
 54 100
 86  94
 41  95
 28  89
  5  76
 62  75
 90  98
 19  85
 34  84
 35  92
  8  78
  7  97
 80  77
 38  96
  3  70
 91  69
 30  24
 33  17
 31  27
 82  18
 25  21
  2  16
 26  23
 32  14
 22  11
 74   6
 56
 87
 15
 83
  1
 93
 20
 13
 52
 43
 81
 29
  9
 72
 88
 63
  4
 71
 57
 68
 79
 10
 99
 66
 67
 61
 49
 36
 50
 46
 60
 53
 55
 48
 58
 47
 65
 37
 42
 51
 59
 40
 44
 39
 45
 64
___ ___
  a   b
sb
sb
---------------------------------------------------------------
 12 100
 54  73
 86  94
 41  95
 28  89
  5  76
 62  75
 90  98
 19  85
 34  84
 35  92
  8  78
  7  97
 80  77
 38  96
  3  70
 91  69
 30  24
 33  17
 31  27
 82  18
 25  21
  2  16
 26  23
 32  14
 22  11
 74   6
 56
 87
 15
 83
  1
 93
 20
 13
 52
 43
 81
 29
  9
 72
 88
 63
  4
 71
 57
 68
 79
 10
 99
 66
 67
 61
 49
 36
 50
 46
 60
 53
 55
 48
 58
 47
 65
 37
 42
 51
 59
 40
 44
 39
 45
 64
___ ___
  a   b
pb
---------------------------------------------------------------
 54  12
 86 100
 41  73
 28  94
  5  95
 62  89
 90  76
 19  75
 34  98
 35  85
  8  84
  7  92
 80  78
 38  97
  3  77
 91  96
 30  70
 33  69
 31  24
 82  17
 25  27
  2  18
 26  21
 32  16
 22  23
 74  14
 56  11
 87   6
 15
 83
  1
 93
 20
 13
 52
 43
 81
 29
  9
 72
 88
 63
  4
 71
 57
 68
 79
 10
 99
 66
 67
 61
 49
 36
 50
 46
 60
 53
 55
 48
 58
 47
 65
 37
 42
 51
 59
 40
 44
 39
 45
 64
___ ___
  a   b
ra
---------------------------------------------------------------
 86  12
 41 100
 28  73
  5  94
 62  95
 90  89
 19  76
 34  75
 35  98
  8  85
  7  84
 80  92
 38  78
  3  97
 91  77
 30  96
 33  70
 31  69
 82  24
 25  17
  2  27
 26  18
 32  21
 22  16
 74  23
 56  14
 87  11
 15   6
 83
  1
 93
 20
 13
 52
 43
 81
 29
  9
 72
 88
 63
  4
 71
 57
 68
 79
 10
 99
 66
 67
 61
 49
 36
 50
 46
 60
 53
 55
 48
 58
 47
 65
 37
 42
 51
 59
 40
 44
 39
 45
 64
 54
___ ___
  a   b
rb
---------------------------------------------------------------
 86 100
 41  73
 28  94
  5  95
 62  89
 90  76
 19  75
 34  98
 35  85
  8  84
  7  92
 80  78
 38  97
  3  77
 91  96
 30  70
 33  69
 31  24
 82  17
 25  27
  2  18
 26  21
 32  16
 22  23
 74  14
 56  11
 87   6
 15  12
 83
  1
 93
 20
 13
 52
 43
 81
 29
  9
 72
 88
 63
  4
 71
 57
 68
 79
 10
 99
 66
 67
 61
 49
 36
 50
 46
 60
 53
 55
 48
 58
 47
 65
 37
 42
 51
 59
 40
 44
 39
 45
 64
 54
___ ___
  a   b
pb
---------------------------------------------------------------
 41  86
 28 100
  5  73
 62  94
 90  95
 19  89
 34  76
 35  75
  8  98
  7  85
 80  84
 38  92
  3  78
 91  97
 30  77
 33  96
 31  70
 82  69
 25  24
  2  17
 26  27
 32  18
 22  21
 74  16
 56  23
 87  14
 15  11
 83   6
  1  12
 93
 20
 13
 52
 43
 81
 29
  9
 72
 88
 63
  4
 71
 57
 68
 79
 10
 99
 66
 67
 61
 49
 36
 50
 46
 60
 53
 55
 48
 58
 47
 65
 37
 42
 51
 59
 40
 44
 39
 45
 64
 54
___ ___
  a   b
sb
sb
---------------------------------------------------------------
 41 100
 28  86
  5  73
 62  94
 90  95
 19  89
 34  76
 35  75
  8  98
  7  85
 80  84
 38  92
  3  78
 91  97
 30  77
 33  96
 31  70
 82  69
 25  24
  2  17
 26  27
 32  18
 22  21
 74  16
 56  23
 87  14
 15  11
 83   6
  1  12
 93
 20
 13
 52
 43
 81
 29
  9
 72
 88
 63
  4
 71
 57
 68
 79
 10
 99
 66
 67
 61
 49
 36
 50
 46
 60
 53
 55
 48
 58
 47
 65
 37
 42
 51
 59
 40
 44
 39
 45
 64
 54
___ ___
  a   b
ra
---------------------------------------------------------------
 28 100
  5  86
 62  73
 90  94
 19  95
 34  89
 35  76
  8  75
  7  98
 80  85
 38  84
  3  92
 91  78
 30  97
 33  77
 31  96
 82  70
 25  69
  2  24
 26  17
 32  27
 22  18
 74  21
 56  16
 87  23
 15  14
 83  11
  1   6
 93  12
 20
 13
 52
 43
 81
 29
  9
 72
 88
 63
  4
 71
 57
 68
 79
 10
 99
 66
 67
 61
 49
 36
 50
 46
 60
 53
 55
 48
 58
 47
 65
 37
 42
 51
 59
 40
 44
 39
 45
 64
 54
 41
___ ___
  a   b
sa
---------------------------------------------------------------
  5 100
 28  86
 62  73
 90  94
 19  95
 34  89
 35  76
  8  75
  7  98
 80  85
 38  84
  3  92
 91  78
 30  97
 33  77
 31  96
 82  70
 25  69
  2  24
 26  17
 32  27
 22  18
 74  21
 56  16
 87  23
 15  14
 83  11
  1   6
 93  12
 20
 13
 52
 43
 81
 29
  9
 72
 88
 63
  4
 71
 57
 68
 79
 10
 99
 66
 67
 61
 49
 36
 50
 46
 60
 53
 55
 48
 58
 47
 65
 37
 42
 51
 59
 40
 44
 39
 45
 64
 54
 41
___ ___
  a   b
pb
---------------------------------------------------------------
 28   5
 62 100
 90  86
 19  73
 34  94
 35  95
  8  89
  7  76
 80  75
 38  98
  3  85
 91  84
 30  92
 33  78
 31  97
 82  77
 25  96
  2  70
 26  69
 32  24
 22  17
 74  27
 56  18
 87  21
 15  16
 83  23
  1  14
 93  11
 20   6
 13  12
 52
 43
 81
 29
  9
 72
 88
 63
  4
 71
 57
 68
 79
 10
 99
 66
 67
 61
 49
 36
 50
 46
 60
 53
 55
 48
 58
 47
 65
 37
 42
 51
 59
 40
 44
 39
 45
 64
 54
 41
___ ___
  a   b
pb
---------------------------------------------------------------
 62  28
 90   5
 19 100
 34  86
 35  73
  8  94
  7  95
 80  89
 38  76
  3  75
 91  98
 30  85
 33  84
 31  92
 82  78
 25  97
  2  77
 26  96
 32  70
 22  69
 74  24
 56  17
 87  27
 15  18
 83  21
  1  16
 93  23
 20  14
 13  11
 52   6
 43  12
 81
 29
  9
 72
 88
 63
  4
 71
 57
 68
 79
 10
 99
 66
 67
 61
 49
 36
 50
 46
 60
 53
 55
 48
 58
 47
 65
 37
 42
 51
 59
 40
 44
 39
 45
 64
 54
 41
___ ___
  a   b
ra
---------------------------------------------------------------
 90  28
 19   5
 34 100
 35  86
  8  73
  7  94
 80  95
 38  89
  3  76
 91  75
 30  98
 33  85
 31  84
 82  92
 25  78
  2  97
 26  77
 32  96
 22  70
 74  69
 56  24
 87  17
 15  27
 83  18
  1  21
 93  16
 20  23
 13  14
 52  11
 43   6
 81  12
 29
  9
 72
 88
 63
  4
 71
 57
 68
 79
 10
 99
 66
 67
 61
 49
 36
 50
 46
 60
 53
 55
 48
 58
 47
 65
 37
 42
 51
 59
 40
 44
 39
 45
 64
 54
 41
 62
___ ___
  a   b
rb
---------------------------------------------------------------
 90   5
 19 100
 34  86
 35  73
  8  94
  7  95
 80  89
 38  76
  3  75
 91  98
 30  85
 33  84
 31  92
 82  78
 25  97
  2  77
 26  96
 32  70
 22  69
 74  24
 56  17
 87  27
 15  18
 83  21
  1  16
 93  23
 20  14
 13  11
 52   6
 43  12
 81  28
 29
  9
 72
 88
 63
  4
 71
 57
 68
 79
 10
 99
 66
 67
 61
 49
 36
 50
 46
 60
 53
 55
 48
 58
 47
 65
 37
 42
 51
 59
 40
 44
 39
 45
 64
 54
 41
 62
___ ___
  a   b
rb
---------------------------------------------------------------
 90 100
 19  86
 34  73
 35  94
  8  95
  7  89
 80  76
 38  75
  3  98
 91  85
 30  84
 33  92
 31  78
 82  97
 25  77
  2  96
 26  70
 32  69
 22  24
 74  17
 56  27
 87  18
 15  21
 83  16
  1  23
 93  14
 20  11
 13   6
 52  12
 43  28
 81   5
 29
  9
 72
 88
 63
  4
 71
 57
 68
 79
 10
 99
 66
 67
 61
 49
 36
 50
 46
 60
 53
 55
 48
 58
 47
 65
 37
 42
 51
 59
 40
 44
 39
 45
 64
 54
 41
 62
___ ___
  a   b
pb
---------------------------------------------------------------
 19  90
 34 100
 35  86
  8  73
  7  94
 80  95
 38  89
  3  76
 91  75
 30  98
 33  85
 31  84
 82  92
 25  78
  2  97
 26  77
 32  96
 22  70
 74  69
 56  24
 87  17
 15  27
 83  18
  1  21
 93  16
 20  23
 13  14
 52  11
 43   6
 81  12
 29  28
  9   5
 72
 88
 63
  4
 71
 57
 68
 79
 10
 99
 66
 67
 61
 49
 36
 50
 46
 60
 53
 55
 48
 58
 47
 65
 37
 42
 51
 59
 40
 44
 39
 45
 64
 54
 41
 62
___ ___
  a   b
sb
sb
---------------------------------------------------------------
 19 100
 34  90
 35  86
  8  73
  7  94
 80  95
 38  89
  3  76
 91  75
 30  98
 33  85
 31  84
 82  92
 25  78
  2  97
 26  77
 32  96
 22  70
 74  69
 56  24
 87  17
 15  27
 83  18
  1  21
 93  16
 20  23
 13  14
 52  11
 43   6
 81  12
 29  28
  9   5
 72
 88
 63
  4
 71
 57
 68
 79
 10
 99
 66
 67
 61
 49
 36
 50
 46
 60
 53
 55
 48
 58
 47
 65
 37
 42
 51
 59
 40
 44
 39
 45
 64
 54
 41
 62
___ ___
  a   b
pb
---------------------------------------------------------------
 34  19
 35 100
  8  90
  7  86
 80  73
 38  94
  3  95
 91  89
 30  76
 33  75
 31  98
 82  85
 25  84
  2  92
 26  78
 32  97
 22  77
 74  96
 56  70
 87  69
 15  24
 83  17
  1  27
 93  18
 20  21
 13  16
 52  23
 43  14
 81  11
 29   6
  9  12
 72  28
 88   5
 63
  4
 71
 57
 68
 79
 10
 99
 66
 67
 61
 49
 36
 50
 46
 60
 53
 55
 48
 58
 47
 65
 37
 42
 51
 59
 40
 44
 39
 45
 64
 54
 41
 62
___ ___
  a   b
ra
---------------------------------------------------------------
 35  19
  8 100
  7  90
 80  86
 38  73
  3  94
 91  95
 30  89
 33  76
 31  75
 82  98
 25  85
  2  84
 26  92
 32  78
 22  97
 74  77
 56  96
 87  70
 15  69
 83  24
  1  17
 93  27
 20  18
 13  21
 52  16
 43  23
 81  14
 29  11
  9   6
 72  12
 88  28
 63   5
  4
 71
 57
 68
 79
 10
 99
 66
 67
 61
 49
 36
 50
 46
 60
 53
 55
 48
 58
 47
 65
 37
 42
 51
 59
 40
 44
 39
 45
 64
 54
 41
 62
 34
___ ___
  a   b
ra
---------------------------------------------------------------
  8  19
  7 100
 80  90
 38  86
  3  73
 91  94
 30  95
 33  89
 31  76
 82  75
 25  98
  2  85
 26  84
 32  92
 22  78
 74  97
 56  77
 87  96
 15  70
 83  69
  1  24
 93  17
 20  27
 13  18
 52  21
 43  16
 81  23
 29  14
  9  11
 72   6
 88  12
 63  28
  4   5
 71
 57
 68
 79
 10
 99
 66
 67
 61
 49
 36
 50
 46
 60
 53
 55
 48
 58
 47
 65
 37
 42
 51
 59
 40
 44
 39
 45
 64
 54
 41
 62
 34
 35
___ ___
  a   b
sa
---------------------------------------------------------------
  7  19
  8 100
 80  90
 38  86
  3  73
 91  94
 30  95
 33  89
 31  76
 82  75
 25  98
  2  85
 26  84
 32  92
 22  78
 74  97
 56  77
 87  96
 15  70
 83  69
  1  24
 93  17
 20  27
 13  18
 52  21
 43  16
 81  23
 29  14
  9  11
 72   6
 88  12
 63  28
  4   5
 71
 57
 68
 79
 10
 99
 66
 67
 61
 49
 36
 50
 46
 60
 53
 55
 48
 58
 47
 65
 37
 42
 51
 59
 40
 44
 39
 45
 64
 54
 41
 62
 34
 35
___ ___
  a   b
pb
---------------------------------------------------------------
  8   7
 80  19
 38 100
  3  90
 91  86
 30  73
 33  94
 31  95
 82  89
 25  76
  2  75
 26  98
 32  85
 22  84
 74  92
 56  78
 87  97
 15  77
 83  96
  1  70
 93  69
 20  24
 13  17
 52  27
 43  18
 81  21
 29  16
  9  23
 72  14
 88  11
 63   6
  4  12
 71  28
 57   5
 68
 79
 10
 99
 66
 67
 61
 49
 36
 50
 46
 60
 53
 55
 48
 58
 47
 65
 37
 42
 51
 59
 40
 44
 39
 45
 64
 54
 41
 62
 34
 35
___ ___
  a   b
sb
sb
---------------------------------------------------------------
  8  19
 80   7
 38 100
  3  90
 91  86
 30  73
 33  94
 31  95
 82  89
 25  76
  2  75
 26  98
 32  85
 22  84
 74  92
 56  78
 87  97
 15  77
 83  96
  1  70
 93  69
 20  24
 13  17
 52  27
 43  18
 81  21
 29  16
  9  23
 72  14
 88  11
 63   6
  4  12
 71  28
 57   5
 68
 79
 10
 99
 66
 67
 61
 49
 36
 50
 46
 60
 53
 55
 48
 58
 47
 65
 37
 42
 51
 59
 40
 44
 39
 45
 64
 54
 41
 62
 34
 35
___ ___
  a   b
pb
---------------------------------------------------------------
 80   8
 38  19
  3   7
 91 100
 30  90
 33  86
 31  73
 82  94
 25  95
  2  89
 26  76
 32  75
 22  98
 74  85
 56  84
 87  92
 15  78
 83  97
  1  77
 93  96
 20  70
 13  69
 52  24
 43  17
 81  27
 29  18
  9  21
 72  16
 88  23
 63  14
  4  11
 71   6
 57  12
 68  28
 79   5
 10
 99
 66
 67
 61
 49
 36
 50
 46
 60
 53
 55
 48
 58
 47
 65
 37
 42
 51
 59
 40
 44
 39
 45
 64
 54
 41
 62
 34
 35
___ ___
  a   b
sb
sb
---------------------------------------------------------------
 80  19
 38   8
  3   7
 91 100
 30  90
 33  86
 31  73
 82  94
 25  95
  2  89
 26  76
 32  75
 22  98
 74  85
 56  84
 87  92
 15  78
 83  97
  1  77
 93  96
 20  70
 13  69
 52  24
 43  17
 81  27
 29  18
  9  21
 72  16
 88  23
 63  14
  4  11
 71   6
 57  12
 68  28
 79   5
 10
 99
 66
 67
 61
 49
 36
 50
 46
 60
 53
 55
 48
 58
 47
 65
 37
 42
 51
 59
 40
 44
 39
 45
 64
 54
 41
 62
 34
 35
___ ___
  a   b
rb
---------------------------------------------------------------
 80   8
 38   7
  3 100
 91  90
 30  86
 33  73
 31  94
 82  95
 25  89
  2  76
 26  75
 32  98
 22  85
 74  84
 56  92
 87  78
 15  97
 83  77
  1  96
 93  70
 20  69
 13  24
 52  17
 43  27
 81  18
 29  21
  9  16
 72  23
 88  14
 63  11
  4   6
 71  12
 57  28
 68   5
 79  19
 10
 99
 66
 67
 61
 49
 36
 50
 46
 60
 53
 55
 48
 58
 47
 65
 37
 42
 51
 59
 40
 44
 39
 45
 64
 54
 41
 62
 34
 35
___ ___
  a   b
rb
---------------------------------------------------------------
 80   7
 38 100
  3  90
 91  86
 30  73
 33  94
 31  95
 82  89
 25  76
  2  75
 26  98
 32  85
 22  84
 74  92
 56  78
 87  97
 15  77
 83  96
  1  70
 93  69
 20  24
 13  17
 52  27
 43  18
 81  21
 29  16
  9  23
 72  14
 88  11
 63   6
  4  12
 71  28
 57   5
 68  19
 79   8
 10
 99
 66
 67
 61
 49
 36
 50
 46
 60
 53
 55
 48
 58
 47
 65
 37
 42
 51
 59
 40
 44
 39
 45
 64
 54
 41
 62
 34
 35
___ ___
  a   b
rb
---------------------------------------------------------------
 80 100
 38  90
  3  86
 91  73
 30  94
 33  95
 31  89
 82  76
 25  75
  2  98
 26  85
 32  84
 22  92
 74  78
 56  97
 87  77
 15  96
 83  70
  1  69
 93  24
 20  17
 13  27
 52  18
 43  21
 81  16
 29  23
  9  14
 72  11
 88   6
 63  12
  4  28
 71   5
 57  19
 68   8
 79   7
 10
 99
 66
 67
 61
 49
 36
 50
 46
 60
 53
 55
 48
 58
 47
 65
 37
 42
 51
 59
 40
 44
 39
 45
 64
 54
 41
 62
 34
 35
___ ___
  a   b
pb
---------------------------------------------------------------
 38  80
  3 100
 91  90
 30  86
 33  73
 31  94
 82  95
 25  89
  2  76
 26  75
 32  98
 22  85
 74  84
 56  92
 87  78
 15  97
 83  77
  1  96
 93  70
 20  69
 13  24
 52  17
 43  27
 81  18
 29  21
  9  16
 72  23
 88  14
 63  11
  4   6
 71  12
 57  28
 68   5
 79  19
 10   8
 99   7
 66
 67
 61
 49
 36
 50
 46
 60
 53
 55
 48
 58
 47
 65
 37
 42
 51
 59
 40
 44
 39
 45
 64
 54
 41
 62
 34
 35
___ ___
  a   b
sb
sb
---------------------------------------------------------------
 38 100
  3  80
 91  90
 30  86
 33  73
 31  94
 82  95
 25  89
  2  76
 26  75
 32  98
 22  85
 74  84
 56  92
 87  78
 15  97
 83  77
  1  96
 93  70
 20  69
 13  24
 52  17
 43  27
 81  18
 29  21
  9  16
 72  23
 88  14
 63  11
  4   6
 71  12
 57  28
 68   5
 79  19
 10   8
 99   7
 66
 67
 61
 49
 36
 50
 46
 60
 53
 55
 48
 58
 47
 65
 37
 42
 51
 59
 40
 44
 39
 45
 64
 54
 41
 62
 34
 35
___ ___
  a   b
ra
---------------------------------------------------------------
  3 100
 91  80
 30  90
 33  86
 31  73
 82  94
 25  95
  2  89
 26  76
 32  75
 22  98
 74  85
 56  84
 87  92
 15  78
 83  97
  1  77
 93  96
 20  70
 13  69
 52  24
 43  17
 81  27
 29  18
  9  21
 72  16
 88  23
 63  14
  4  11
 71   6
 57  12
 68  28
 79   5
 10  19
 99   8
 66   7
 67
 61
 49
 36
 50
 46
 60
 53
 55
 48
 58
 47
 65
 37
 42
 51
 59
 40
 44
 39
 45
 64
 54
 41
 62
 34
 35
 38
___ ___
  a   b
pb
---------------------------------------------------------------
 91   3
 30 100
 33  80
 31  90
 82  86
 25  73
  2  94
 26  95
 32  89
 22  76
 74  75
 56  98
 87  85
 15  84
 83  92
  1  78
 93  97
 20  77
 13  96
 52  70
 43  69
 81  24
 29  17
  9  27
 72  18
 88  21
 63  16
  4  23
 71  14
 57  11
 68   6
 79  12
 10  28
 99   5
 66  19
 67   8
 61   7
 49
 36
 50
 46
 60
 53
 55
 48
 58
 47
 65
 37
 42
 51
 59
 40
 44
 39
 45
 64
 54
 41
 62
 34
 35
 38
___ ___
  a   b
rb
---------------------------------------------------------------
 91 100
 30  80
 33  90
 31  86
 82  73
 25  94
  2  95
 26  89
 32  76
 22  75
 74  98
 56  85
 87  84
 15  92
 83  78
  1  97
 93  77
 20  96
 13  70
 52  69
 43  24
 81  17
 29  27
  9  18
 72  21
 88  16
 63  23
  4  14
 71  11
 57   6
 68  12
 79  28
 10   5
 99  19
 66   8
 67   7
 61   3
 49
 36
 50
 46
 60
 53
 55
 48
 58
 47
 65
 37
 42
 51
 59
 40
 44
 39
 45
 64
 54
 41
 62
 34
 35
 38
___ ___
  a   b
pb
---------------------------------------------------------------
 30  91
 33 100
 31  80
 82  90
 25  86
  2  73
 26  94
 32  95
 22  89
 74  76
 56  75
 87  98
 15  85
 83  84
  1  92
 93  78
 20  97
 13  77
 52  96
 43  70
 81  69
 29  24
  9  17
 72  27
 88  18
 63  21
  4  16
 71  23
 57  14
 68  11
 79   6
 10  12
 99  28
 66   5
 67  19
 61   8
 49   7
 36   3
 50
 46
 60
 53
 55
 48
 58
 47
 65
 37
 42
 51
 59
 40
 44
 39
 45
 64
 54
 41
 62
 34
 35
 38
___ ___
  a   b
sb
sb
---------------------------------------------------------------
 30 100
 33  91
 31  80
 82  90
 25  86
  2  73
 26  94
 32  95
 22  89
 74  76
 56  75
 87  98
 15  85
 83  84
  1  92
 93  78
 20  97
 13  77
 52  96
 43  70
 81  69
 29  24
  9  17
 72  27
 88  18
 63  21
  4  16
 71  23
 57  14
 68  11
 79   6
 10  12
 99  28
 66   5
 67  19
 61   8
 49   7
 36   3
 50
 46
 60
 53
 55
 48
 58
 47
 65
 37
 42
 51
 59
 40
 44
 39
 45
 64
 54
 41
 62
 34
 35
 38
___ ___
  a   b
pb
---------------------------------------------------------------
 33  30
 31 100
 82  91
 25  80
  2  90
 26  86
 32  73
 22  94
 74  95
 56  89
 87  76
 15  75
 83  98
  1  85
 93  84
 20  92
 13  78
 52  97
 43  77
 81  96
 29  70
  9  69
 72  24
 88  17
 63  27
  4  18
 71  21
 57  16
 68  23
 79  14
 10  11
 99   6
 66  12
 67  28
 61   5
 49  19
 36   8
 50   7
 46   3
 60
 53
 55
 48
 58
 47
 65
 37
 42
 51
 59
 40
 44
 39
 45
 64
 54
 41
 62
 34
 35
 38
___ ___
  a   b
sa
---------------------------------------------------------------
 31  30
 33 100
 82  91
 25  80
  2  90
 26  86
 32  73
 22  94
 74  95
 56  89
 87  76
 15  75
 83  98
  1  85
 93  84
 20  92
 13  78
 52  97
 43  77
 81  96
 29  70
  9  69
 72  24
 88  17
 63  27
  4  18
 71  21
 57  16
 68  23
 79  14
 10  11
 99   6
 66  12
 67  28
 61   5
 49  19
 36   8
 50   7
 46   3
 60
 53
 55
 48
 58
 47
 65
 37
 42
 51
 59
 40
 44
 39
 45
 64
 54
 41
 62
 34
 35
 38
___ ___
  a   b
pb
---------------------------------------------------------------
 33  31
 82  30
 25 100
  2  91
 26  80
 32  90
 22  86
 74  73
 56  94
 87  95
 15  89
 83  76
  1  75
 93  98
 20  85
 13  84
 52  92
 43  78
 81  97
 29  77
  9  96
 72  70
 88  69
 63  24
  4  17
 71  27
 57  18
 68  21
 79  16
 10  23
 99  14
 66  11
 67   6
 61  12
 49  28
 36   5
 50  19
 46   8
 60   7
 53   3
 55
 48
 58
 47
 65
 37
 42
 51
 59
 40
 44
 39
 45
 64
 54
 41
 62
 34
 35
 38
___ ___
  a   b
pb
---------------------------------------------------------------
 82  33
 25  31
  2  30
 26 100
 32  91
 22  80
 74  90
 56  86
 87  73
 15  94
 83  95
  1  89
 93  76
 20  75
 13  98
 52  85
 43  84
 81  92
 29  78
  9  97
 72  77
 88  96
 63  70
  4  69
 71  24
 57  17
 68  27
 79  18
 10  21
 99  16
 66  23
 67  14
 61  11
 49   6
 36  12
 50  28
 46   5
 60  19
 53   8
 55   7
 48   3
 58
 47
 65
 37
 42
 51
 59
 40
 44
 39
 45
 64
 54
 41
 62
 34
 35
 38
___ ___
  a   b
rb
---------------------------------------------------------------
 82  31
 25  30
  2 100
 26  91
 32  80
 22  90
 74  86
 56  73
 87  94
 15  95
 83  89
  1  76
 93  75
 20  98
 13  85
 52  84
 43  92
 81  78
 29  97
  9  77
 72  96
 88  70
 63  69
  4  24
 71  17
 57  27
 68  18
 79  21
 10  16
 99  23
 66  14
 67  11
 61   6
 49  12
 36  28
 50   5
 46  19
 60   8
 53   7
 55   3
 48  33
 58
 47
 65
 37
 42
 51
 59
 40
 44
 39
 45
 64
 54
 41
 62
 34
 35
 38
___ ___
  a   b
rb
---------------------------------------------------------------
 82  30
 25 100
  2  91
 26  80
 32  90
 22  86
 74  73
 56  94
 87  95
 15  89
 83  76
  1  75
 93  98
 20  85
 13  84
 52  92
 43  78
 81  97
 29  77
  9  96
 72  70
 88  69
 63  24
  4  17
 71  27
 57  18
 68  21
 79  16
 10  23
 99  14
 66  11
 67   6
 61  12
 49  28
 36   5
 50  19
 46   8
 60   7
 53   3
 55  33
 48  31
 58
 47
 65
 37
 42
 51
 59
 40
 44
 39
 45
 64
 54
 41
 62
 34
 35
 38
___ ___
  a   b
rb
---------------------------------------------------------------
 82 100
 25  91
  2  80
 26  90
 32  86
 22  73
 74  94
 56  95
 87  89
 15  76
 83  75
  1  98
 93  85
 20  84
 13  92
 52  78
 43  97
 81  77
 29  96
  9  70
 72  69
 88  24
 63  17
  4  27
 71  18
 57  21
 68  16
 79  23
 10  14
 99  11
 66   6
 67  12
 61  28
 49   5
 36  19
 50   8
 46   7
 60   3
 53  33
 55  31
 48  30
 58
 47
 65
 37
 42
 51
 59
 40
 44
 39
 45
 64
 54
 41
 62
 34
 35
 38
___ ___
  a   b
pb
---------------------------------------------------------------
 25  82
  2 100
 26  91
 32  80
 22  90
 74  86
 56  73
 87  94
 15  95
 83  89
  1  76
 93  75
 20  98
 13  85
 52  84
 43  92
 81  78
 29  97
  9  77
 72  96
 88  70
 63  69
  4  24
 71  17
 57  27
 68  18
 79  21
 10  16
 99  23
 66  14
 67  11
 61   6
 49  12
 36  28
 50   5
 46  19
 60   8
 53   7
 55   3
 48  33
 58  31
 47  30
 65
 37
 42
 51
 59
 40
 44
 39
 45
 64
 54
 41
 62
 34
 35
 38
___ ___
  a   b
sb
sb
---------------------------------------------------------------
 25 100
  2  82
 26  91
 32  80
 22  90
 74  86
 56  73
 87  94
 15  95
 83  89
  1  76
 93  75
 20  98
 13  85
 52  84
 43  92
 81  78
 29  97
  9  77
 72  96
 88  70
 63  69
  4  24
 71  17
 57  27
 68  18
 79  21
 10  16
 99  23
 66  14
 67  11
 61   6
 49  12
 36  28
 50   5
 46  19
 60   8
 53   7
 55   3
 48  33
 58  31
 47  30
 65
 37
 42
 51
 59
 40
 44
 39
 45
 64
 54
 41
 62
 34
 35
 38
___ ___
  a   b
sa
---------------------------------------------------------------
  2 100
 25  82
 26  91
 32  80
 22  90
 74  86
 56  73
 87  94
 15  95
 83  89
  1  76
 93  75
 20  98
 13  85
 52  84
 43  92
 81  78
 29  97
  9  77
 72  96
 88  70
 63  69
  4  24
 71  17
 57  27
 68  18
 79  21
 10  16
 99  23
 66  14
 67  11
 61   6
 49  12
 36  28
 50   5
 46  19
 60   8
 53   7
 55   3
 48  33
 58  31
 47  30
 65
 37
 42
 51
 59
 40
 44
 39
 45
 64
 54
 41
 62
 34
 35
 38
___ ___
  a   b
pb
---------------------------------------------------------------
 25   2
 26 100
 32  82
 22  91
 74  80
 56  90
 87  86
 15  73
 83  94
  1  95
 93  89
 20  76
 13  75
 52  98
 43  85
 81  84
 29  92
  9  78
 72  97
 88  77
 63  96
  4  70
 71  69
 57  24
 68  17
 79  27
 10  18
 99  21
 66  16
 67  23
 61  14
 49  11
 36   6
 50  12
 46  28
 60   5
 53  19
 55   8
 48   7
 58   3
 47  33
 65  31
 37  30
 42
 51
 59
 40
 44
 39
 45
 64
 54
 41
 62
 34
 35
 38
___ ___
  a   b
pb
---------------------------------------------------------------
 26  25
 32   2
 22 100
 74  82
 56  91
 87  80
 15  90
 83  86
  1  73
 93  94
 20  95
 13  89
 52  76
 43  75
 81  98
 29  85
  9  84
 72  92
 88  78
 63  97
  4  77
 71  96
 57  70
 68  69
 79  24
 10  17
 99  27
 66  18
 67  21
 61  16
 49  23
 36  14
 50  11
 46   6
 60  12
 53  28
 55   5
 48  19
 58   8
 47   7
 65   3
 37  33
 42  31
 51  30
 59
 40
 44
 39
 45
 64
 54
 41
 62
 34
 35
 38
___ ___
  a   b
pb
---------------------------------------------------------------
 32  26
 22  25
 74   2
 56 100
 87  82
 15  91
 83  80
  1  90
 93  86
 20  73
 13  94
 52  95
 43  89
 81  76
 29  75
  9  98
 72  85
 88  84
 63  92
  4  78
 71  97
 57  77
 68  96
 79  70
 10  69
 99  24
 66  17
 67  27
 61  18
 49  21
 36  16
 50  23
 46  14
 60  11
 53   6
 55  12
 48  28
 58   5
 47  19
 65   8
 37   7
 42   3
 51  33
 59  31
 40  30
 44
 39
 45
 64
 54
 41
 62
 34
 35
 38
___ ___
  a   b
sa
---------------------------------------------------------------
 22  26
 32  25
 74   2
 56 100
 87  82
 15  91
 83  80
  1  90
 93  86
 20  73
 13  94
 52  95
 43  89
 81  76
 29  75
  9  98
 72  85
 88  84
 63  92
  4  78
 71  97
 57  77
 68  96
 79  70
 10  69
 99  24
 66  17
 67  27
 61  18
 49  21
 36  16
 50  23
 46  14
 60  11
 53   6
 55  12
 48  28
 58   5
 47  19
 65   8
 37   7
 42   3
 51  33
 59  31
 40  30
 44
 39
 45
 64
 54
 41
 62
 34
 35
 38
___ ___
  a   b
pb
---------------------------------------------------------------
 32  22
 74  26
 56  25
 87   2
 15 100
 83  82
  1  91
 93  80
 20  90
 13  86
 52  73
 43  94
 81  95
 29  89
  9  76
 72  75
 88  98
 63  85
  4  84
 71  92
 57  78
 68  97
 79  77
 10  96
 99  70
 66  69
 67  24
 61  17
 49  27
 36  18
 50  21
 46  16
 60  23
 53  14
 55  11
 48   6
 58  12
 47  28
 65   5
 37  19
 42   8
 51   7
 59   3
 40  33
 44  31
 39  30
 45
 64
 54
 41
 62
 34
 35
 38
___ ___
  a   b
sb
sb
---------------------------------------------------------------
 32  26
 74  22
 56  25
 87   2
 15 100
 83  82
  1  91
 93  80
 20  90
 13  86
 52  73
 43  94
 81  95
 29  89
  9  76
 72  75
 88  98
 63  85
  4  84
 71  92
 57  78
 68  97
 79  77
 10  96
 99  70
 66  69
 67  24
 61  17
 49  27
 36  18
 50  21
 46  16
 60  23
 53  14
 55  11
 48   6
 58  12
 47  28
 65   5
 37  19
 42   8
 51   7
 59   3
 40  33
 44  31
 39  30
 45
 64
 54
 41
 62
 34
 35
 38
___ ___
  a   b
pb
---------------------------------------------------------------
 74  32
 56  26
 87  22
 15  25
 83   2
  1 100
 93  82
 20  91
 13  80
 52  90
 43  86
 81  73
 29  94
  9  95
 72  89
 88  76
 63  75
  4  98
 71  85
 57  84
 68  92
 79  78
 10  97
 99  77
 66  96
 67  70
 61  69
 49  24
 36  17
 50  27
 46  18
 60  21
 53  16
 55  23
 48  14
 58  11
 47   6
 65  12
 37  28
 42   5
 51  19
 59   8
 40   7
 44   3
 39  33
 45  31
 64  30
 54
 41
 62
 34
 35
 38
___ ___
  a   b
rb
---------------------------------------------------------------
 74  26
 56  22
 87  25
 15   2
 83 100
  1  82
 93  91
 20  80
 13  90
 52  86
 43  73
 81  94
 29  95
  9  89
 72  76
 88  75
 63  98
  4  85
 71  84
 57  92
 68  78
 79  97
 10  77
 99  96
 66  70
 67  69
 61  24
 49  17
 36  27
 50  18
 46  21
 60  16
 53  23
 55  14
 48  11
 58   6
 47  12
 65  28
 37   5
 42  19
 51   8
 59   7
 40   3
 44  33
 39  31
 45  30
 64  32
 54
 41
 62
 34
 35
 38
___ ___
  a   b
rb
---------------------------------------------------------------
 74  22
 56  25
 87   2
 15 100
 83  82
  1  91
 93  80
 20  90
 13  86
 52  73
 43  94
 81  95
 29  89
  9  76
 72  75
 88  98
 63  85
  4  84
 71  92
 57  78
 68  97
 79  77
 10  96
 99  70
 66  69
 67  24
 61  17
 49  27
 36  18
 50  21
 46  16
 60  23
 53  14
 55  11
 48   6
 58  12
 47  28
 65   5
 37  19
 42   8
 51   7
 59   3
 40  33
 44  31
 39  30
 45  32
 64  26
 54
 41
 62
 34
 35
 38
___ ___
  a   b
sb
sb
---------------------------------------------------------------
 74  25
 56  22
 87   2
 15 100
 83  82
  1  91
 93  80
 20  90
 13  86
 52  73
 43  94
 81  95
 29  89
  9  76
 72  75
 88  98
 63  85
  4  84
 71  92
 57  78
 68  97
 79  77
 10  96
 99  70
 66  69
 67  24
 61  17
 49  27
 36  18
 50  21
 46  16
 60  23
 53  14
 55  11
 48   6
 58  12
 47  28
 65   5
 37  19
 42   8
 51   7
 59   3
 40  33
 44  31
 39  30
 45  32
 64  26
 54
 41
 62
 34
 35
 38
___ ___
  a   b
rb
---------------------------------------------------------------
 74  22
 56   2
 87 100
 15  82
 83  91
  1  80
 93  90
 20  86
 13  73
 52  94
 43  95
 81  89
 29  76
  9  75
 72  98
 88  85
 63  84
  4  92
 71  78
 57  97
 68  77
 79  96
 10  70
 99  69
 66  24
 67  17
 61  27
 49  18
 36  21
 50  16
 46  23
 60  14
 53  11
 55   6
 48  12
 58  28
 47   5
 65  19
 37   8
 42   7
 51   3
 59  33
 40  31
 44  30
 39  32
 45  26
 64  25
 54
 41
 62
 34
 35
 38
___ ___
  a   b
rb
---------------------------------------------------------------
 74   2
 56 100
 87  82
 15  91
 83  80
  1  90
 93  86
 20  73
 13  94
 52  95
 43  89
 81  76
 29  75
  9  98
 72  85
 88  84
 63  92
  4  78
 71  97
 57  77
 68  96
 79  70
 10  69
 99  24
 66  17
 67  27
 61  18
 49  21
 36  16
 50  23
 46  14
 60  11
 53   6
 55  12
 48  28
 58   5
 47  19
 65   8
 37   7
 42   3
 51  33
 59  31
 40  30
 44  32
 39  26
 45  25
 64  22
 54
 41
 62
 34
 35
 38
___ ___
  a   b
rb
---------------------------------------------------------------
 74 100
 56  82
 87  91
 15  80
 83  90
  1  86
 93  73
 20  94
 13  95
 52  89
 43  76
 81  75
 29  98
  9  85
 72  84
 88  92
 63  78
  4  97
 71  77
 57  96
 68  70
 79  69
 10  24
 99  17
 66  27
 67  18
 61  21
 49  16
 36  23
 50  14
 46  11
 60   6
 53  12
 55  28
 48   5
 58  19
 47   8
 65   7
 37   3
 42  33
 51  31
 59  30
 40  32
 44  26
 39  25
 45  22
 64   2
 54
 41
 62
 34
 35
 38
___ ___
  a   b
sa
---------------------------------------------------------------
 56 100
 74  82
 87  91
 15  80
 83  90
  1  86
 93  73
 20  94
 13  95
 52  89
 43  76
 81  75
 29  98
  9  85
 72  84
 88  92
 63  78
  4  97
 71  77
 57  96
 68  70
 79  69
 10  24
 99  17
 66  27
 67  18
 61  21
 49  16
 36  23
 50  14
 46  11
 60   6
 53  12
 55  28
 48   5
 58  19
 47   8
 65   7
 37   3
 42  33
 51  31
 59  30
 40  32
 44  26
 39  25
 45  22
 64   2
 54
 41
 62
 34
 35
 38
___ ___
  a   b
ra
---------------------------------------------------------------
 74 100
 87  82
 15  91
 83  80
  1  90
 93  86
 20  73
 13  94
 52  95
 43  89
 81  76
 29  75
  9  98
 72  85
 88  84
 63  92
  4  78
 71  97
 57  77
 68  96
 79  70
 10  69
 99  24
 66  17
 67  27
 61  18
 49  21
 36  16
 50  23
 46  14
 60  11
 53   6
 55  12
 48  28
 58   5
 47  19
 65   8
 37   7
 42   3
 51  33
 59  31
 40  30
 44  32
 39  26
 45  25
 64  22
 54   2
 41
 62
 34
 35
 38
 56
___ ___
  a   b
pb
---------------------------------------------------------------
 87  74
 15 100
 83  82
  1  91
 93  80
 20  90
 13  86
 52  73
 43  94
 81  95
 29  89
  9  76
 72  75
 88  98
 63  85
  4  84
 71  92
 57  78
 68  97
 79  77
 10  96
 99  70
 66  69
 67  24
 61  17
 49  27
 36  18
 50  21
 46  16
 60  23
 53  14
 55  11
 48   6
 58  12
 47  28
 65   5
 37  19
 42   8
 51   7
 59   3
 40  33
 44  31
 39  30
 45  32
 64  26
 54  25
 41  22
 62   2
 34
 35
 38
 56
___ ___
  a   b
sb
sb
---------------------------------------------------------------
 87 100
 15  74
 83  82
  1  91
 93  80
 20  90
 13  86
 52  73
 43  94
 81  95
 29  89
  9  76
 72  75
 88  98
 63  85
  4  84
 71  92
 57  78
 68  97
 79  77
 10  96
 99  70
 66  69
 67  24
 61  17
 49  27
 36  18
 50  21
 46  16
 60  23
 53  14
 55  11
 48   6
 58  12
 47  28
 65   5
 37  19
 42   8
 51   7
 59   3
 40  33
 44  31
 39  30
 45  32
 64  26
 54  25
 41  22
 62   2
 34
 35
 38
 56
___ ___
  a   b
pb
---------------------------------------------------------------
 15  87
 83 100
  1  74
 93  82
 20  91
 13  80
 52  90
 43  86
 81  73
 29  94
  9  95
 72  89
 88  76
 63  75
  4  98
 71  85
 57  84
 68  92
 79  78
 10  97
 99  77
 66  96
 67  70
 61  69
 49  24
 36  17
 50  27
 46  18
 60  21
 53  16
 55  23
 48  14
 58  11
 47   6
 65  12
 37  28
 42   5
 51  19
 59   8
 40   7
 44   3
 39  33
 45  31
 64  30
 54  32
 41  26
 62  25
 34  22
 35   2
 38
 56
___ ___
  a   b
sb
sb
---------------------------------------------------------------
 15 100
 83  87
  1  74
 93  82
 20  91
 13  80
 52  90
 43  86
 81  73
 29  94
  9  95
 72  89
 88  76
 63  75
  4  98
 71  85
 57  84
 68  92
 79  78
 10  97
 99  77
 66  96
 67  70
 61  69
 49  24
 36  17
 50  27
 46  18
 60  21
 53  16
 55  23
 48  14
 58  11
 47   6
 65  12
 37  28
 42   5
 51  19
 59   8
 40   7
 44   3
 39  33
 45  31
 64  30
 54  32
 41  26
 62  25
 34  22
 35   2
 38
 56
___ ___
  a   b
pb
---------------------------------------------------------------
 83  15
  1 100
 93  87
 20  74
 13  82
 52  91
 43  80
 81  90
 29  86
  9  73
 72  94
 88  95
 63  89
  4  76
 71  75
 57  98
 68  85
 79  84
 10  92
 99  78
 66  97
 67  77
 61  96
 49  70
 36  69
 50  24
 46  17
 60  27
 53  18
 55  21
 48  16
 58  23
 47  14
 65  11
 37   6
 42  12
 51  28
 59   5
 40  19
 44   8
 39   7
 45   3
 64  33
 54  31
 41  30
 62  32
 34  26
 35  25
 38  22
 56   2
___ ___
  a   b
rb
---------------------------------------------------------------
 83 100
  1  87
 93  74
 20  82
 13  91
 52  80
 43  90
 81  86
 29  73
  9  94
 72  95
 88  89
 63  76
  4  75
 71  98
 57  85
 68  84
 79  92
 10  78
 99  97
 66  77
 67  96
 61  70
 49  69
 36  24
 50  17
 46  27
 60  18
 53  21
 55  16
 48  23
 58  14
 47  11
 65   6
 37  12
 42  28
 51   5
 59  19
 40   8
 44   7
 39   3
 45  33
 64  31
 54  30
 41  32
 62  26
 34  25
 35  22
 38   2
 56  15
___ ___
  a   b
sa
---------------------------------------------------------------
  1 100
 83  87
 93  74
 20  82
 13  91
 52  80
 43  90
 81  86
 29  73
  9  94
 72  95
 88  89
 63  76
  4  75
 71  98
 57  85
 68  84
 79  92
 10  78
 99  97
 66  77
 67  96
 61  70
 49  69
 36  24
 50  17
 46  27
 60  18
 53  21
 55  16
 48  23
 58  14
 47  11
 65   6
 37  12
 42  28
 51   5
 59  19
 40   8
 44   7
 39   3
 45  33
 64  31
 54  30
 41  32
 62  26
 34  25
 35  22
 38   2
 56  15
___ ___
  a   b
pb
---------------------------------------------------------------
 83   1
 93 100
 20  87
 13  74
 52  82
 43  91
 81  80
 29  90
  9  86
 72  73
 88  94
 63  95
  4  89
 71  76
 57  75
 68  98
 79  85
 10  84
 99  92
 66  78
 67  97
 61  77
 49  96
 36  70
 50  69
 46  24
 60  17
 53  27
 55  18
 48  21
 58  16
 47  23
 65  14
 37  11
 42   6
 51  12
 59  28
 40   5
 44  19
 39   8
 45   7
 64   3
 54  33
 41  31
 62  30
 34  32
 35  26
 38  25
 56  22
      2
     15
___ ___
  a   b
rb
---------------------------------------------------------------
 83 100
 93  87
 20  74
 13  82
 52  91
 43  80
 81  90
 29  86
  9  73
 72  94
 88  95
 63  89
  4  76
 71  75
 57  98
 68  85
 79  84
 10  92
 99  78
 66  97
 67  77
 61  96
 49  70
 36  69
 50  24
 46  17
 60  27
 53  18
 55  21
 48  16
 58  23
 47  14
 65  11
 37   6
 42  12
 51  28
 59   5
 40  19
 44   8
 39   7
 45   3
 64  33
 54  31
 41  30
 62  32
 34  26
 35  25
 38  22
 56   2
     15
      1
___ ___
  a   b
pb
---------------------------------------------------------------
 93  83
 20 100
 13  87
 52  74
 43  82
 81  91
 29  80
  9  90
 72  86
 88  73
 63  94
  4  95
 71  89
 57  76
 68  75
 79  98
 10  85
 99  84
 66  92
 67  78
 61  97
 49  77
 36  96
 50  70
 46  69
 60  24
 53  17
 55  27
 48  18
 58  21
 47  16
 65  23
 37  14
 42  11
 51   6
 59  12
 40  28
 44   5
 39  19
 45   8
 64   7
 54   3
 41  33
 62  31
 34  30
 35  32
 38  26
 56  25
     22
      2
     15
      1
___ ___
  a   b
sb
sb
---------------------------------------------------------------
 93 100
 20  83
 13  87
 52  74
 43  82
 81  91
 29  80
  9  90
 72  86
 88  73
 63  94
  4  95
 71  89
 57  76
 68  75
 79  98
 10  85
 99  84
 66  92
 67  78
 61  97
 49  77
 36  96
 50  70
 46  69
 60  24
 53  17
 55  27
 48  18
 58  21
 47  16
 65  23
 37  14
 42  11
 51   6
 59  12
 40  28
 44   5
 39  19
 45   8
 64   7
 54   3
 41  33
 62  31
 34  30
 35  32
 38  26
 56  25
     22
      2
     15
      1
___ ___
  a   b
pb
---------------------------------------------------------------
 20  93
 13 100
 52  83
 43  87
 81  74
 29  82
  9  91
 72  80
 88  90
 63  86
  4  73
 71  94
 57  95
 68  89
 79  76
 10  75
 99  98
 66  85
 67  84
 61  92
 49  78
 36  97
 50  77
 46  96
 60  70
 53  69
 55  24
 48  17
 58  27
 47  18
 65  21
 37  16
 42  23
 51  14
 59  11
 40   6
 44  12
 39  28
 45   5
 64  19
 54   8
 41   7
 62   3
 34  33
 35  31
 38  30
 56  32
     26
     25
     22
      2
     15
      1
___ ___
  a   b
sb
sb
---------------------------------------------------------------
 20 100
 13  93
 52  83
 43  87
 81  74
 29  82
  9  91
 72  80
 88  90
 63  86
  4  73
 71  94
 57  95
 68  89
 79  76
 10  75
 99  98
 66  85
 67  84
 61  92
 49  78
 36  97
 50  77
 46  96
 60  70
 53  69
 55  24
 48  17
 58  27
 47  18
 65  21
 37  16
 42  23
 51  14
 59  11
 40   6
 44  12
 39  28
 45   5
 64  19
 54   8
 41   7
 62   3
 34  33
 35  31
 38  30
 56  32
     26
     25
     22
      2
     15
      1
___ ___
  a   b
sa
---------------------------------------------------------------
 13 100
 20  93
 52  83
 43  87
 81  74
 29  82
  9  91
 72  80
 88  90
 63  86
  4  73
 71  94
 57  95
 68  89
 79  76
 10  75
 99  98
 66  85
 67  84
 61  92
 49  78
 36  97
 50  77
 46  96
 60  70
 53  69
 55  24
 48  17
 58  27
 47  18
 65  21
 37  16
 42  23
 51  14
 59  11
 40   6
 44  12
 39  28
 45   5
 64  19
 54   8
 41   7
 62   3
 34  33
 35  31
 38  30
 56  32
     26
     25
     22
      2
     15
      1
___ ___
  a   b
pb
---------------------------------------------------------------
 20  13
 52 100
 43  93
 81  83
 29  87
  9  74
 72  82
 88  91
 63  80
  4  90
 71  86
 57  73
 68  94
 79  95
 10  89
 99  76
 66  75
 67  98
 61  85
 49  84
 36  92
 50  78
 46  97
 60  77
 53  96
 55  70
 48  69
 58  24
 47  17
 65  27
 37  18
 42  21
 51  16
 59  23
 40  14
 44  11
 39   6
 45  12
 64  28
 54   5
 41  19
 62   8
 34   7
 35   3
 38  33
 56  31
     30
     32
     26
     25
     22
      2
     15
      1
___ ___
  a   b
pb
---------------------------------------------------------------
 52  20
 43  13
 81 100
 29  93
  9  83
 72  87
 88  74
 63  82
  4  91
 71  80
 57  90
 68  86
 79  73
 10  94
 99  95
 66  89
 67  76
 61  75
 49  98
 36  85
 50  84
 46  92
 60  78
 53  97
 55  77
 48  96
 58  70
 47  69
 65  24
 37  17
 42  27
 51  18
 59  21
 40  16
 44  23
 39  14
 45  11
 64   6
 54  12
 41  28
 62   5
 34  19
 35   8
 38   7
 56   3
     33
     31
     30
     32
     26
     25
     22
      2
     15
      1
___ ___
  a   b
sa
---------------------------------------------------------------
 43  20
 52  13
 81 100
 29  93
  9  83
 72  87
 88  74
 63  82
  4  91
 71  80
 57  90
 68  86
 79  73
 10  94
 99  95
 66  89
 67  76
 61  75
 49  98
 36  85
 50  84
 46  92
 60  78
 53  97
 55  77
 48  96
 58  70
 47  69
 65  24
 37  17
 42  27
 51  18
 59  21
 40  16
 44  23
 39  14
 45  11
 64   6
 54  12
 41  28
 62   5
 34  19
 35   8
 38   7
 56   3
     33
     31
     30
     32
     26
     25
     22
      2
     15
      1
___ ___
  a   b
ra
---------------------------------------------------------------
 52  20
 81  13
 29 100
  9  93
 72  83
 88  87
 63  74
  4  82
 71  91
 57  80
 68  90
 79  86
 10  73
 99  94
 66  95
 67  89
 61  76
 49  75
 36  98
 50  85
 46  84
 60  92
 53  78
 55  97
 48  77
 58  96
 47  70
 65  69
 37  24
 42  17
 51  27
 59  18
 40  21
 44  16
 39  23
 45  14
 64  11
 54   6
 41  12
 62  28
 34   5
 35  19
 38   8
 56   7
 43   3
     33
     31
     30
     32
     26
     25
     22
      2
     15
      1
___ ___
  a   b
ra
---------------------------------------------------------------
 81  20
 29  13
  9 100
 72  93
 88  83
 63  87
  4  74
 71  82
 57  91
 68  80
 79  90
 10  86
 99  73
 66  94
 67  95
 61  89
 49  76
 36  75
 50  98
 46  85
 60  84
 53  92
 55  78
 48  97
 58  77
 47  96
 65  70
 37  69
 42  24
 51  17
 59  27
 40  18
 44  21
 39  16
 45  23
 64  14
 54  11
 41   6
 62  12
 34  28
 35   5
 38  19
 56   8
 43   7
 52   3
     33
     31
     30
     32
     26
     25
     22
      2
     15
      1
___ ___
  a   b
rb
---------------------------------------------------------------
 81  13
 29 100
  9  93
 72  83
 88  87
 63  74
  4  82
 71  91
 57  80
 68  90
 79  86
 10  73
 99  94
 66  95
 67  89
 61  76
 49  75
 36  98
 50  85
 46  84
 60  92
 53  78
 55  97
 48  77
 58  96
 47  70
 65  69
 37  24
 42  17
 51  27
 59  18
 40  21
 44  16
 39  23
 45  14
 64  11
 54   6
 41  12
 62  28
 34   5
 35  19
 38   8
 56   7
 43   3
 52  33
     31
     30
     32
     26
     25
     22
      2
     15
      1
     20
___ ___
  a   b
rb
---------------------------------------------------------------
 81 100
 29  93
  9  83
 72  87
 88  74
 63  82
  4  91
 71  80
 57  90
 68  86
 79  73
 10  94
 99  95
 66  89
 67  76
 61  75
 49  98
 36  85
 50  84
 46  92
 60  78
 53  97
 55  77
 48  96
 58  70
 47  69
 65  24
 37  17
 42  27
 51  18
 59  21
 40  16
 44  23
 39  14
 45  11
 64   6
 54  12
 41  28
 62   5
 34  19
 35   8
 38   7
 56   3
 43  33
 52  31
     30
     32
     26
     25
     22
      2
     15
      1
     20
     13
___ ___
  a   b
pb
---------------------------------------------------------------
 29  81
  9 100
 72  93
 88  83
 63  87
  4  74
 71  82
 57  91
 68  80
 79  90
 10  86
 99  73
 66  94
 67  95
 61  89
 49  76
 36  75
 50  98
 46  85
 60  84
 53  92
 55  78
 48  97
 58  77
 47  96
 65  70
 37  69
 42  24
 51  17
 59  27
 40  18
 44  21
 39  16
 45  23
 64  14
 54  11
 41   6
 62  12
 34  28
 35   5
 38  19
 56   8
 43   7
 52   3
     33
     31
     30
     32
     26
     25
     22
      2
     15
      1
     20
     13
___ ___
  a   b
sb
sb
---------------------------------------------------------------
 29 100
  9  81
 72  93
 88  83
 63  87
  4  74
 71  82
 57  91
 68  80
 79  90
 10  86
 99  73
 66  94
 67  95
 61  89
 49  76
 36  75
 50  98
 46  85
 60  84
 53  92
 55  78
 48  97
 58  77
 47  96
 65  70
 37  69
 42  24
 51  17
 59  27
 40  18
 44  21
 39  16
 45  23
 64  14
 54  11
 41   6
 62  12
 34  28
 35   5
 38  19
 56   8
 43   7
 52   3
     33
     31
     30
     32
     26
     25
     22
      2
     15
      1
     20
     13
___ ___
  a   b
sa
---------------------------------------------------------------
  9 100
 29  81
 72  93
 88  83
 63  87
  4  74
 71  82
 57  91
 68  80
 79  90
 10  86
 99  73
 66  94
 67  95
 61  89
 49  76
 36  75
 50  98
 46  85
 60  84
 53  92
 55  78
 48  97
 58  77
 47  96
 65  70
 37  69
 42  24
 51  17
 59  27
 40  18
 44  21
 39  16
 45  23
 64  14
 54  11
 41   6
 62  12
 34  28
 35   5
 38  19
 56   8
 43   7
 52   3
     33
     31
     30
     32
     26
     25
     22
      2
     15
      1
     20
     13
___ ___
  a   b
pb
---------------------------------------------------------------
 29   9
 72 100
 88  81
 63  93
  4  83
 71  87
 57  74
 68  82
 79  91
 10  80
 99  90
 66  86
 67  73
 61  94
 49  95
 36  89
 50  76
 46  75
 60  98
 53  85
 55  84
 48  92
 58  78
 47  97
 65  77
 37  96
 42  70
 51  69
 59  24
 40  17
 44  27
 39  18
 45  21
 64  16
 54  23
 41  14
 62  11
 34   6
 35  12
 38  28
 56   5
 43  19
 52   8
      7
      3
     33
     31
     30
     32
     26
     25
     22
      2
     15
      1
     20
     13
___ ___
  a   b
pb
---------------------------------------------------------------
 72  29
 88   9
 63 100
  4  81
 71  93
 57  83
 68  87
 79  74
 10  82
 99  91
 66  80
 67  90
 61  86
 49  73
 36  94
 50  95
 46  89
 60  76
 53  75
 55  98
 48  85
 58  84
 47  92
 65  78
 37  97
 42  77
 51  96
 59  70
 40  69
 44  24
 39  17
 45  27
 64  18
 54  21
 41  16
 62  23
 34  14
 35  11
 38   6
 56  12
 43  28
 52   5
     19
      8
      7
      3
     33
     31
     30
     32
     26
     25
     22
      2
     15
      1
     20
     13
___ ___
  a   b
rb
---------------------------------------------------------------
 72   9
 88 100
 63  81
  4  93
 71  83
 57  87
 68  74
 79  82
 10  91
 99  80
 66  90
 67  86
 61  73
 49  94
 36  95
 50  89
 46  76
 60  75
 53  98
 55  85
 48  84
 58  92
 47  78
 65  97
 37  77
 42  96
 51  70
 59  69
 40  24
 44  17
 39  27
 45  18
 64  21
 54  16
 41  23
 62  14
 34  11
 35   6
 38  12
 56  28
 43   5
 52  19
      8
      7
      3
     33
     31
     30
     32
     26
     25
     22
      2
     15
      1
     20
     13
     29
___ ___
  a   b
rb
---------------------------------------------------------------
 72 100
 88  81
 63  93
  4  83
 71  87
 57  74
 68  82
 79  91
 10  80
 99  90
 66  86
 67  73
 61  94
 49  95
 36  89
 50  76
 46  75
 60  98
 53  85
 55  84
 48  92
 58  78
 47  97
 65  77
 37  96
 42  70
 51  69
 59  24
 40  17
 44  27
 39  18
 45  21
 64  16
 54  23
 41  14
 62  11
 34   6
 35  12
 38  28
 56   5
 43  19
 52   8
      7
      3
     33
     31
     30
     32
     26
     25
     22
      2
     15
      1
     20
     13
     29
      9
___ ___
  a   b
pb
---------------------------------------------------------------
 88  72
 63 100
  4  81
 71  93
 57  83
 68  87
 79  74
 10  82
 99  91
 66  80
 67  90
 61  86
 49  73
 36  94
 50  95
 46  89
 60  76
 53  75
 55  98
 48  85
 58  84
 47  92
 65  78
 37  97
 42  77
 51  96
 59  70
 40  69
 44  24
 39  17
 45  27
 64  18
 54  21
 41  16
 62  23
 34  14
 35  11
 38   6
 56  12
 43  28
 52   5
     19
      8
      7
      3
     33
     31
     30
     32
     26
     25
     22
      2
     15
      1
     20
     13
     29
      9
___ ___
  a   b
sb
sb
---------------------------------------------------------------
 88 100
 63  72
  4  81
 71  93
 57  83
 68  87
 79  74
 10  82
 99  91
 66  80
 67  90
 61  86
 49  73
 36  94
 50  95
 46  89
 60  76
 53  75
 55  98
 48  85
 58  84
 47  92
 65  78
 37  97
 42  77
 51  96
 59  70
 40  69
 44  24
 39  17
 45  27
 64  18
 54  21
 41  16
 62  23
 34  14
 35  11
 38   6
 56  12
 43  28
 52   5
     19
      8
      7
      3
     33
     31
     30
     32
     26
     25
     22
      2
     15
      1
     20
     13
     29
      9
___ ___
  a   b
pb
---------------------------------------------------------------
 63  88
  4 100
 71  72
 57  81
 68  93
 79  83
 10  87
 99  74
 66  82
 67  91
 61  80
 49  90
 36  86
 50  73
 46  94
 60  95
 53  89
 55  76
 48  75
 58  98
 47  85
 65  84
 37  92
 42  78
 51  97
 59  77
 40  96
 44  70
 39  69
 45  24
 64  17
 54  27
 41  18
 62  21
 34  16
 35  23
 38  14
 56  11
 43   6
 52  12
     28
      5
     19
      8
      7
      3
     33
     31
     30
     32
     26
     25
     22
      2
     15
      1
     20
     13
     29
      9
___ ___
  a   b
sb
sb
---------------------------------------------------------------
 63 100
  4  88
 71  72
 57  81
 68  93
 79  83
 10  87
 99  74
 66  82
 67  91
 61  80
 49  90
 36  86
 50  73
 46  94
 60  95
 53  89
 55  76
 48  75
 58  98
 47  85
 65  84
 37  92
 42  78
 51  97
 59  77
 40  96
 44  70
 39  69
 45  24
 64  17
 54  27
 41  18
 62  21
 34  16
 35  23
 38  14
 56  11
 43   6
 52  12
     28
      5
     19
      8
      7
      3
     33
     31
     30
     32
     26
     25
     22
      2
     15
      1
     20
     13
     29
      9
___ ___
  a   b
ra
---------------------------------------------------------------
  4 100
 71  88
 57  72
 68  81
 79  93
 10  83
 99  87
 66  74
 67  82
 61  91
 49  80
 36  90
 50  86
 46  73
 60  94
 53  95
 55  89
 48  76
 58  75
 47  98
 65  85
 37  84
 42  92
 51  78
 59  97
 40  77
 44  96
 39  70
 45  69
 64  24
 54  17
 41  27
 62  18
 34  21
 35  16
 38  23
 56  14
 43  11
 52   6
 63  12
     28
      5
     19
      8
      7
      3
     33
     31
     30
     32
     26
     25
     22
      2
     15
      1
     20
     13
     29
      9
___ ___
  a   b
pb
---------------------------------------------------------------
 71   4
 57 100
 68  88
 79  72
 10  81
 99  93
 66  83
 67  87
 61  74
 49  82
 36  91
 50  80
 46  90
 60  86
 53  73
 55  94
 48  95
 58  89
 47  76
 65  75
 37  98
 42  85
 51  84
 59  92
 40  78
 44  97
 39  77
 45  96
 64  70
 54  69
 41  24
 62  17
 34  27
 35  18
 38  21
 56  16
 43  23
 52  14
 63  11
      6
     12
     28
      5
     19
      8
      7
      3
     33
     31
     30
     32
     26
     25
     22
      2
     15
      1
     20
     13
     29
      9
___ ___
  a   b
rb
---------------------------------------------------------------
 71 100
 57  88
 68  72
 79  81
 10  93
 99  83
 66  87
 67  74
 61  82
 49  91
 36  80
 50  90
 46  86
 60  73
 53  94
 55  95
 48  89
 58  76
 47  75
 65  98
 37  85
 42  84
 51  92
 59  78
 40  97
 44  77
 39  96
 45  70
 64  69
 54  24
 41  17
 62  27
 34  18
 35  21
 38  16
 56  23
 43  14
 52  11
 63   6
     12
     28
      5
     19
      8
      7
      3
     33
     31
     30
     32
     26
     25
     22
      2
     15
      1
     20
     13
     29
      9
      4
___ ___
  a   b
pb
---------------------------------------------------------------
 57  71
 68 100
 79  88
 10  72
 99  81
 66  93
 67  83
 61  87
 49  74
 36  82
 50  91
 46  80
 60  90
 53  86
 55  73
 48  94
 58  95
 47  89
 65  76
 37  75
 42  98
 51  85
 59  84
 40  92
 44  78
 39  97
 45  77
 64  96
 54  70
 41  69
 62  24
 34  17
 35  27
 38  18
 56  21
 43  16
 52  23
 63  14
     11
      6
     12
     28
      5
     19
      8
      7
      3
     33
     31
     30
     32
     26
     25
     22
      2
     15
      1
     20
     13
     29
      9
      4
___ ___
  a   b
sb
sb
---------------------------------------------------------------
 57 100
 68  71
 79  88
 10  72
 99  81
 66  93
 67  83
 61  87
 49  74
 36  82
 50  91
 46  80
 60  90
 53  86
 55  73
 48  94
 58  95
 47  89
 65  76
 37  75
 42  98
 51  85
 59  84
 40  92
 44  78
 39  97
 45  77
 64  96
 54  70
 41  69
 62  24
 34  17
 35  27
 38  18
 56  21
 43  16
 52  23
 63  14
     11
      6
     12
     28
      5
     19
      8
      7
      3
     33
     31
     30
     32
     26
     25
     22
      2
     15
      1
     20
     13
     29
      9
      4
___ ___
  a   b
ra
---------------------------------------------------------------
 68 100
 79  71
 10  88
 99  72
 66  81
 67  93
 61  83
 49  87
 36  74
 50  82
 46  91
 60  80
 53  90
 55  86
 48  73
 58  94
 47  95
 65  89
 37  76
 42  75
 51  98
 59  85
 40  84
 44  92
 39  78
 45  97
 64  77
 54  96
 41  70
 62  69
 34  24
 35  17
 38  27
 56  18
 43  21
 52  16
 63  23
 57  14
     11
      6
     12
     28
      5
     19
      8
      7
      3
     33
     31
     30
     32
     26
     25
     22
      2
     15
      1
     20
     13
     29
      9
      4
___ ___
  a   b
pb
---------------------------------------------------------------
 79  68
 10 100
 99  71
 66  88
 67  72
 61  81
 49  93
 36  83
 50  87
 46  74
 60  82
 53  91
 55  80
 48  90
 58  86
 47  73
 65  94
 37  95
 42  89
 51  76
 59  75
 40  98
 44  85
 39  84
 45  92
 64  78
 54  97
 41  77
 62  96
 34  70
 35  69
 38  24
 56  17
 43  27
 52  18
 63  21
 57  16
     23
     14
     11
      6
     12
     28
      5
     19
      8
      7
      3
     33
     31
     30
     32
     26
     25
     22
      2
     15
      1
     20
     13
     29
      9
      4
___ ___
  a   b
sb
sb
---------------------------------------------------------------
 79 100
 10  68
 99  71
 66  88
 67  72
 61  81
 49  93
 36  83
 50  87
 46  74
 60  82
 53  91
 55  80
 48  90
 58  86
 47  73
 65  94
 37  95
 42  89
 51  76
 59  75
 40  98
 44  85
 39  84
 45  92
 64  78
 54  97
 41  77
 62  96
 34  70
 35  69
 38  24
 56  17
 43  27
 52  18
 63  21
 57  16
     23
     14
     11
      6
     12
     28
      5
     19
      8
      7
      3
     33
     31
     30
     32
     26
     25
     22
      2
     15
      1
     20
     13
     29
      9
      4
___ ___
  a   b
sa
---------------------------------------------------------------
 10 100
 79  68
 99  71
 66  88
 67  72
 61  81
 49  93
 36  83
 50  87
 46  74
 60  82
 53  91
 55  80
 48  90
 58  86
 47  73
 65  94
 37  95
 42  89
 51  76
 59  75
 40  98
 44  85
 39  84
 45  92
 64  78
 54  97
 41  77
 62  96
 34  70
 35  69
 38  24
 56  17
 43  27
 52  18
 63  21
 57  16
     23
     14
     11
      6
     12
     28
      5
     19
      8
      7
      3
     33
     31
     30
     32
     26
     25
     22
      2
     15
      1
     20
     13
     29
      9
      4
___ ___
  a   b
pb
---------------------------------------------------------------
 79  10
 99 100
 66  68
 67  71
 61  88
 49  72
 36  81
 50  93
 46  83
 60  87
 53  74
 55  82
 48  91
 58  80
 47  90
 65  86
 37  73
 42  94
 51  95
 59  89
 40  76
 44  75
 39  98
 45  85
 64  84
 54  92
 41  78
 62  97
 34  77
 35  96
 38  70
 56  69
 43  24
 52  17
 63  27
 57  18
     21
     16
     23
     14
     11
      6
     12
     28
      5
     19
      8
      7
      3
     33
     31
     30
     32
     26
     25
     22
      2
     15
      1
     20
     13
     29
      9
      4
___ ___
  a   b
rb
---------------------------------------------------------------
 79 100
 99  68
 66  71
 67  88
 61  72
 49  81
 36  93
 50  83
 46  87
 60  74
 53  82
 55  91
 48  80
 58  90
 47  86
 65  73
 37  94
 42  95
 51  89
 59  76
 40  75
 44  98
 39  85
 45  84
 64  92
 54  78
 41  97
 62  77
 34  96
 35  70
 38  69
 56  24
 43  17
 52  27
 63  18
 57  21
     16
     23
     14
     11
      6
     12
     28
      5
     19
      8
      7
      3
     33
     31
     30
     32
     26
     25
     22
      2
     15
      1
     20
     13
     29
      9
      4
     10
___ ___
  a   b
pb
---------------------------------------------------------------
 99  79
 66 100
 67  68
 61  71
 49  88
 36  72
 50  81
 46  93
 60  83
 53  87
 55  74
 48  82
 58  91
 47  80
 65  90
 37  86
 42  73
 51  94
 59  95
 40  89
 44  76
 39  75
 45  98
 64  85
 54  84
 41  92
 62  78
 34  97
 35  77
 38  96
 56  70
 43  69
 52  24
 63  17
 57  27
     18
     21
     16
     23
     14
     11
      6
     12
     28
      5
     19
      8
      7
      3
     33
     31
     30
     32
     26
     25
     22
      2
     15
      1
     20
     13
     29
      9
      4
     10
___ ___
  a   b
sb
sb
---------------------------------------------------------------
 99 100
 66  79
 67  68
 61  71
 49  88
 36  72
 50  81
 46  93
 60  83
 53  87
 55  74
 48  82
 58  91
 47  80
 65  90
 37  86
 42  73
 51  94
 59  95
 40  89
 44  76
 39  75
 45  98
 64  85
 54  84
 41  92
 62  78
 34  97
 35  77
 38  96
 56  70
 43  69
 52  24
 63  17
 57  27
     18
     21
     16
     23
     14
     11
      6
     12
     28
      5
     19
      8
      7
      3
     33
     31
     30
     32
     26
     25
     22
      2
     15
      1
     20
     13
     29
      9
      4
     10
___ ___
  a   b
pb
NB_COUP : 181
     sb
 pb  pb
 pb  pb
 ra
 pb  pb
 ra
 pb  pb
 ra  sb
 sa
 ra
 sa
 ra
 sa
 ra
 ra
 pb  pb
 ra
 pb  pb
 ra  sb
 pb  pb
 pb  pb
     rb
 pb  pb
     sb
 pb  pb
 pb  pb
     sb
 pb  pb
     sb
 pb  pb
 ra  sb
 sa
 ra
 sa
 ra
 ra
 pb  pb
 sa  rb
 ra
 ra
 pb  pb
 ra  sb
 pb  pb
 ra  rb
 pb  pb
 sa
 ra
 ra
 pb  pb
     sb
 pb  pb
     sb
 pb  pb
     sb
 pb  pb
 ra  rb
 pb  pb
     sb
 pb  pb
 ra
 pb  pb
 pb  pb
 pb  pb
 ra  sb
     rb
     rb
     rb
     rb
 pb  pb
     sb
 pb  pb
     sb
 pb  pb
     rb
 pb  pb
 ra  sb
 pb  pb
 ra
 sa
 pb  pb
     rb
     rb
 pb  pb
 ra  sb
 pb  pb
 pb  pb
 ra  sb
 ra
 sa
 pb  pb
     sb
     rb
     rb
     rb
 pb  pb
     sb
 pb  pb
 ra  rb
 pb  pb
     sb
 pb  pb
 pb  pb
 sa
 pb  pb
     rb
     rb
     rb
 pb  pb
     sb
 pb  pb
 sa
 pb  pb
 pb  pb
 pb  pb
 sa  sb
 pb  pb
     rb
     rb
     sb
     rb
     rb
     rb
 pb  pb
 sa  sb
 ra
 pb  pb
     sb
 pb  pb
     rb
 pb  pb
 sa  rb
 pb  pb
     sb
 pb  pb
     sb
 pb  pb
 sa
 pb  pb
     rb
     rb
 pb  pb
 sa  sb
 ra
 ra
 pb  pb
 sa
 pb  pb
     rb
     rb
 pb  pb
     sb
 pb  pb
     sb
 pb  pb
 ra  rb
 pb  pb
     sb
 pb  pb
 ra  sb
 pb  pb
 sa  rb
 pb  pb
     sb
 pb  pb
 pb  pb
 ra
 pb  pb
 ra
 pb  pb
 ra  sb
 sa
 ra
 sa
 ra
 sa
 ra
 ra
 pb  pb
 ra
 pb  pb
 ra  sb
 pb  pb
 pb  pb
     rb
 pb  pb
     sb
 pb  pb
 pb  pb
     sb
 pb  pb
     sb
 pb  pb
 ra  sb
 sa
 ra
 sa
 ra
 ra
 pb  pb
 sa  rb
 ra
 ra
 pb  pb
 ra  sb
 pb  pb
 ra  rb
 pb  pb
 sa
 ra
 ra
 pb  pb
     sb
 pb  pb
     sb
 pb  pb
     sb
 pb  pb
 ra  rb
 pb  pb
     sb
 pb  pb
 ra
 pb  pb
 pb  pb
 pb  pb
 ra  sb
     rb
     rb
     rb
     rb
 pb  pb
     sb
 pb  pb
     sb
 pb  pb
     rb
 pb  pb
 ra  sb
 pb  pb
 ra
 sa
 pb  pb
     rb
     rb
 pb  pb
 ra  sb
 pb  pb
 pb  pb
 ra  sb
 ra
 sa
 pb  pb
     sb
     rb
     rb
     rb
 pb  pb
     sb
 pb  pb
 ra  rb
 pb  pb
     sb
 pb  pb
 pb  pb
 sa
 pb  pb
     rb
     rb
     rb
 pb  pb
     sb
 pb  pb
 sa
 pb  pb
 pb  pb
 pb  pb
 sa  sb
 pb  pb
     rb
     rb
     sb
     rb
     rb
     rb
 pb  pb
 sa  sb
 ra
 pb  pb
     sb
 pb  pb
     rb
 pb  pb
 sa  rb
 pb  pb
     sb
 pb  pb
     sb
 pb  pb
     pb
     rb
     rb
 pb  pb
     sb
 pb  pb
     pb
 ra  rb
 ra  rb
 pb  pb
 sa  sb
 pb  pb
     sb
 pb  pb
     rb
 pb  pb
     sb
 pb  pb
___ ___
  a   b
